0.0
1.411919377825651267e+01
1.564156872851203062e+01
1.653900725168915997e+01
1.718044496566324497e+01
1.768150529830583295e+01
1.809369235719318780e+01
1.844448191412492477e+01
1.875027615547327642e+01
1.902165619144836128e+01
1.926584791030918709e+01
1.948800627819404596e+01
1.969193844623892531e+01
1.988053642278250166e+01
2.005604894414701178e+01
2.022025932253260194e+01
2.037460577940607109e+01
2.052026523471355191e+01
2.065821311067839261e+01
2.078926694530077768e+01
2.091411880632987064e+01
2.103335978899592718e+01
2.114749880994328990e+01
2.125697722040247939e+01
2.136218030731801676e+01
2.146344644540188895e+01
2.156107445338887274e+01
2.165532956146134680e+01
2.174644829311425909e+01
2.183464249017399439e+01
2.192010265536692160e+01
2.200300074677574358e+01
2.208349252864714529e+01
2.216171956049825909e+01
2.223781088933568739e+01
2.231188449664162121e+01
2.238404854159127311e+01
2.245440243400898694e+01
2.252303776431314830e+01
2.259003911274299625e+01
2.265548475620810009e+01
2.271944728793026158e+01
2.278199416248761011e+01
2.284318817679336533e+01
2.290308789584630134e+01
2.296174803069922987e+01
2.301921977494639648e+01
2.307555110508148388e+01
2.313078704928947005e+01
2.318496992857670236e+01
2.323813957359123705e+01
2.329033352002102575e+01
2.334158718506489194e+01
2.339193402713848613e+01
2.344140569069461932e+01
2.349003213779596777e+01
2.353784176787135252e+01
2.358486152690990778e+01
2.363111700719416675e+01
2.367663253854199823e+01
2.372143127191265322e+01
2.376553525613366347e+01
2.380896550841906745e+01
2.385174207927412127e+01
2.389388411231657372e+01
2.393540989948653319e+01
2.397633693206694616e+01
2.401668194789190736e+01
2.405646097508135384e+01
2.409568937260567267e+01
2.413438186795348983e+01
2.417255259214877228e+01
2.421021511233893264e+01
2.424738246215488502e+01
2.428406717002417636e+01
2.432028128560177649e+01
2.435603640446770513e+01
2.439134369122699653e+01
2.442621390113531632e+01
2.446065740036258873e+01
2.449468418499704470e+01
2.452830389888320539e+01
2.456152585037938607e+01
2.459435902811292252e+01
2.462681211580479257e+01
2.465889350622956400e+01
2.469061131437084455e+01
2.472197338982797632e+01
2.475298732852482786e+01
2.478366048376794950e+01
2.481399997669725010e+01
2.484401270616942625e+01
2.487370535811090733e+01
2.490308441437464992e+01
2.493215616113227995e+01
2.496092669683101306e+01
2.498940193974221913e+01
2.501758763512720307e+01
2.504548936204318821e+01
2.507311253981146493e+01
2.510046243416776335e+01
2.512754416311375749e+01
2.515436270248707373e+01
2.518092289126618155e+01
2.520722943662540061e+01
2.523328691875409291e+01
2.525909979545346928e+01
2.528467240652323156e+01
2.531000897794972460e+01
2.533511362590645533e+01
2.535999036057701161e+01
2.538464308981005857e+01
2.540907562261514485e+01
2.543329167250783840e+01
2.545729486071196490e+01
2.548108871922627472e+01
2.550467669376265079e+01
2.552806214656210315e+01
2.555124835909493797e+01
2.557423853465065733e+01
2.559703580082325303e+01
2.561964321189673299e+01
2.564206375113600345e+01
2.566430033298739133e+01
2.568635580519336159e+01
2.570823295082524496e+01
2.572993449023796941e+01
2.575146308295044761e+01
2.577282132945481763e+01
2.579401177295807557e+01
2.581503690105898485e+01
2.583589914736318249e+01
2.585660089303934583e+01
2.587714446831882142e+01
2.589753215394142316e+01
2.591776618254965925e+01
2.593784874003347696e+01
2.595778196682786998e+01
2.597756795916518868e+01
2.599720877028416410e+01
2.601670641159736519e+01
2.603606285381884433e+01
2.605528002805374754e+01
2.607435982685119669e+01
2.609330410522213484e+01
2.611211468162345639e+01
2.613079333890980038e+01
2.614934182525432149e+01
2.616776185503954721e+01
2.618605510971967831e+01
