0.0
1.406835707267567770e+01
1.559271191673288470e+01
1.649213819209266418e+01
1.713557115290743482e+01
1.763863386268493016e+01
1.805283006430108728e+01
1.840563516481842399e+01
1.871345098613006641e+01
1.898685827451436481e+01
1.923308255512942466e+01
1.945727843212074859e+01
1.966325269601045633e+01
1.985389699616613157e+01
2.003145971183841922e+01
2.019772380030459047e+01
2.035412713049887046e+01
2.050184627245874580e+01
2.064185630134830163e+01
2.077497441117510490e+01
2.090189232897106208e+01
2.102320081272476315e+01
2.113940844550591791e+01
2.125095624882021994e+01
2.135822918391115266e+01
2.146156530397847817e+01
2.156126311058983802e+01
2.165758752125290343e+01
2.175077475141894823e+01
2.184103633963145441e+01
2.192856249021562931e+01
2.201352486784728413e+01
2.209607894846419285e+01
2.217636600846813977e+01
2.225451481703082734e+01
2.233064308315908519e+01
2.240485869898308735e+01
2.247726081277550847e+01
2.254794075895177130e+01
2.261698286734456431e+01
2.268446517009389751e+01
2.275046002132220124e+01
2.281503464220488198e+01
2.287825160196874563e+01
2.294016924365545762e+01
2.300084206209706750e+01
2.306032104040398067e+01
2.311865395031792403e+01
2.317588562099308902e+01
2.323205818011001966e+01
2.328721127067458596e+01
2.334138224638998693e+01
2.339460634809659112e+01
2.344691686344248538e+01
2.349834527166392562e+01
2.354892137511422945e+01
2.359867341897238546e+01
2.364762820038581381e+01
2.369581116814880417e+01
2.374324651388647922e+01
2.378995725559993346e+01
2.383596531432943166e+01
2.388129158460624879e+01
2.392595599928873540e+01
2.396997758931261657e+01
2.401337453882790030e+01
2.405616423614447896e+01
2.409836332086400645e+01
2.413998772753648225e+01
2.418105272614552703e+01
2.422157295969556046e+01
2.426156247914721220e+01
2.430103477592300365e+01
2.434000281218396466e+01
2.437847904905888541e+01
2.441647547299065835e+01
2.445400362034908071e+01
2.449107460044567475e+01
2.452769911707415318e+01
2.456388748868866045e+01
2.459964966732266234e+01
2.463499525634181353e+01
2.466993352711662979e+01
2.470447343469318824e+01
2.473862363253372720e+01
2.477239248639288505e+01
2.480578808739019436e+01
2.483881826433426099e+01
2.487149059534995033e+01
2.490381241885546260e+01
2.493579084393288170e+01
2.496743276013228652e+01
2.499874484674628761e+01
2.502973358158931561e+01
2.506040524931339419e+01
2.509076594928943038e+01
2.512082160308156986e+01
2.515057796153952907e+01
2.518004061153245132e+01
2.520921498234594438e+01
2.523810635176262096e+01
2.526671985184478686e+01
2.529506047443699046e+01
2.532313307640459143e+01
2.535094238462356842e+01
2.537849300073596126e+01
2.540578940568390820e+01
2.543283596403498947e+01
2.545963692811014667e+01
2.548619644192528355e+01
2.551251854495656701e+01
2.553860717573891392e+01
2.556446617530663090e+01
2.559009929048462695e+01
2.561551017703785149e+01
2.564070240268651091e+01
2.566567944999392026e+01
2.569044471913342065e+01
2.571500153054066473e+01
2.573935312745678416e+01
2.576350267836809493e+01
2.578745327934727882e+01
2.581120795630097930e+01
2.583476966712823142e+01
2.585814130379411679e+01
2.588132569432262997e+01
2.590432560471259293e+01
2.592714374078023454e+01
2.594978274993176726e+01
2.597224522286935056e+01
2.599453369523330437e+01
2.601665064918359960e+01
2.603859851492331856e+01
2.606037967216663631e+01
2.608199645155381674e+01
2.610345113601558253e+01
2.612474596208901190e+01
2.614588312118706526e+01
2.616686476082374568e+01
2.618769298579688254e+01
2.620836985933002339e+01
2.622889740417560844e+01
2.624927760368059992e+01
2.626951240281637112e+01
2.628960370917430467e+01
2.630955339392836478e+01
2.632936329276612142e+01
2.634903520678938449e+01
2.636857090338576270e+01
2.638797211707217016e+01
