0.000000000000000000e+00 3.400000000000000115e+35 8.000000000000000444e-01
7.034042922613026324e+20 3.187266907641126349e+35 6.137170872829365020e-01
1.081887047245466331e-233 3.236776673237947150e+35 9.522517497848983492e-01
4.867489545904543334e+19 3.440488312886666002e+35 6.768171532733509022e-01
1.884585188619289364e-01 3.458462358113774735e+35 6.953671913694575712e-01
2.683062105505574095e+02 3.545536332892574937e+35 7.161458125022710508e-01
1.618872422311770827e-04 3.559991138510390401e+35 7.522560843202651393e-01
2.034462391488896845e-24 3.597148578857214478e+35 8.348974974674334693e-01
1.832106905386730304e-08 3.473451218561555171e+35 7.321307510934900176e-01
5.100552722802094164e-19 3.239261470377353010e+35 6.359099500602618527e-01
