0.000000000000000000e+00 3.400000000000000115e+35 8.000000000000000444e-01
3.255021148249960766e-44 3.356685636543128268e+35 6.249693248736194473e-01
0.000000000000000000e+00 3.585724372376955281e+35 9.064263286208059656e-01
2.618388021201534376e+289 3.168874398016123721e+35 6.944834088098964520e-01
5.869664493473005514e-111 3.115258241549635551e+35 7.505261807942679164e-01
0.000000000000000000e+00 3.232429884018127718e+35 9.493677287177286761e-01
2.490224037717426925e-211 3.245479039017586045e+35 5.493355741310730345e-01
0.000000000000000000e+00 3.496386082723303246e+35 7.907581856597100112e-01
0.000000000000000000e+00 2.820565623221831439e+35 7.046849620805428760e-01
5.003973942926472972e+61 3.112819862276392631e+35 6.412449614399589048e-01
