0.000000000000000000e+00 3.400000000000000115e+35 8.000000000000000444e-01
6.921529766815818315e-199 3.404812323158215293e+35 6.171018100829580577e-01
3.908800914138142402e-113 3.450790407006965078e+35 8.405107024743170285e-01
1.006192111322462120e-72 3.173288884121978845e+35 8.343565215389040501e-01
0.000000000000000000e+00 3.818836297109991443e+35 7.235596373821902016e-01
0.000000000000000000e+00 3.584436176414669222e+35 9.216771934268912503e-01
1.137974401951618199e+102 3.341464634584411166e+35 7.582179368324752922e-01
0.000000000000000000e+00 3.187230616896888677e+35 8.851133517596522227e-01
3.984315855783915794e+170 3.183363963228821756e+35 7.055142494631775341e-01
0.000000000000000000e+00 3.188907241796253286e+35 8.833402450638975223e-01
