0.000000000000000000e+00 3.400000000000000115e+35 8.000000000000000444e-01
1.951377519599405125e-277 3.476858037154782979e+35 8.972230573445615365e-01
0.000000000000000000e+00 3.775457405920356604e+35 7.203608347408372303e-01
0.000000000000000000e+00 3.591282169940426003e+35 5.319638078332560305e-01
2.154102950187187678e-32 3.059143717353152619e+35 7.902109603833010754e-01
0.000000000000000000e+00 3.490354721837493336e+35 5.056480530344816815e-01
0.000000000000000000e+00 3.055873624646302042e+35 9.037232149857973296e-01
6.622213530287674993e+63 3.352741074351850074e+35 7.886714651762628536e-01
0.000000000000000000e+00 2.959858311536925482e+35 9.227523679123025291e-01
5.081430328516919773e-220 3.292506573933764320e+35 8.730015347371820056e-01
