0.000000000000000000e+00 3.400000000000000115e+35 8.000000000000000444e-01
0.000000000000000000e+00 3.495906326209339099e+35 9.419100747189359524e-01
1.271205152451134626e+62 3.365540819288376605e+35 7.757928206199020682e-01
1.021782695053325352e-249 3.504802906684002703e+35 8.418397972811987318e-01
0.000000000000000000e+00 3.680121759438814118e+35 7.054133252641772156e-01
8.074075908469553501e-58 3.396756553356892216e+35 7.178045814402183034e-01
4.355651866782246938e-92 3.364473789888535528e+35 8.359030567423889613e-01
2.655602120172523735e+93 3.256997925054616350e+35 7.702511724270997284e-01
0.000000000000000000e+00 3.014484848822399001e+35 9.570944639300743573e-01
6.224018527447450871e-51 3.274121251259708429e+35 7.932720872583729488e-01
