0.000000000000000000e+00 3.400000000000000115e+35 8.000000000000000444e-01
1.743221135294155673e-102 3.334697197492190345e+35 5.743666794668480513e-01
3.389006717335197589e-20 2.755472568731268923e+35 6.034983920240734045e-01
2.483523454189291867e-238 3.475146590431775045e+35 6.861058354560418682e-01
0.000000000000000000e+00 3.176455823059978719e+35 8.982439920772771202e-01
0.000000000000000000e+00 3.280300868239857929e+35 9.103355372323980177e-01
0.000000000000000000e+00 3.658430383129217922e+35 6.532922544174910584e-01
0.000000000000000000e+00 3.331052491838329250e+35 9.992778136620938945e-01
3.415163384460863706e-148 3.152837323249521308e+35 3.678472807650394194e-01
5.725604412347935028e-166 3.356363237999405489e+35 5.748407249398665986e-01
