0.000000000000000000e+00 3.400000000000000115e+35 8.000000000000000444e-01
6.048794181653666162e-229 3.357466369426133921e+35 8.933373136874479536e-01
2.182108276496821259e+126 3.328962831558158679e+35 7.286074918668457023e-01
4.515214794085402176e-103 3.139220689299707874e+35 8.031902968260655751e-01
0.000000000000000000e+00 3.024723635915684610e+35 8.699305832551275097e-01
2.689550199883903045e+221 3.127221322571806268e+35 6.142220700723518556e-01
0.000000000000000000e+00 3.013249444438920783e+35 9.036250027501896431e-01
0.000000000000000000e+00 3.643560855294553541e+35 6.353501036937145852e-01
1.174105635109852765e-29 3.007220367653096693e+35 6.550499334574250154e-01
4.556505293021158706e+31 2.983885741287008086e+35 4.379948402251563344e-01
