0.000000000000000000e+00 3.400000000000000115e+35 8.000000000000000444e-01
1.091333990366952953e-83 3.178808566597966884e+35 8.380484531019743999e-01
2.807081050174247950e-280 3.540256314273903762e+35 7.605985297723820704e-01
5.339835098824466854e+23 3.396052946560849019e+35 7.698182774679899198e-01
0.000000000000000000e+00 3.430807860204157174e+35 6.090736752891685590e-01
1.151080543183680383e-210 3.514297954864768488e+35 8.140346016334303325e-01
2.359745776718923510e-310 3.554109241547153997e+35 8.598691659505229845e-01
0.000000000000000000e+00 3.568629429896849338e+35 6.022942368545810554e-01
0.000000000000000000e+00 3.164952707030019699e+35 9.234536778826152315e-01
0.000000000000000000e+00 3.467842748533518128e+35 9.754999991196240394e-01
