0.000000000000000000e+00 3.400000000000000115e+35 8.000000000000000444e-01
1.573737289721995376e+152 3.015061234271114522e+35 7.244449906922404425e-01
2.315888355668589643e-62 2.722125821015508392e+35 5.376900009043015238e-01
1.834159708385502284e+225 3.085639660366821939e+35 5.994090611646391009e-01
1.558489205691340361e-91 3.194559306592450630e+35 6.710884294315606624e-01
0.000000000000000000e+00 2.955034762746000771e+35 8.725135420011376208e-01
4.501086732940522291e-141 2.938848356456915945e+35 3.010389382192011354e-01
0.000000000000000000e+00 2.622323007396642766e+35 5.316687842646610207e-01
8.833726174296958280e-131 3.199884913089556222e+35 5.964434661858941666e-01
0.000000000000000000e+00 3.462674059986644991e+35 5.260970561312622307e-01
