0.000000000000000000e+00 3.400000000000000115e+35 8.000000000000000444e-01
inf 3.041566749469204215e+35 6.707143701732398711e-01
3.169356728729684998e-57 2.882124264958297732e+35 6.131892186122038790e-01
0.000000000000000000e+00 2.782291297911182969e+35 6.611411190031777352e-01
8.577298300910935790e+90 3.020007286837624110e+35 5.130096769299089532e-01
0.000000000000000000e+00 3.308104758255210424e+35 4.022676608715274327e-01
0.000000000000000000e+00 2.676729807377843004e+35 6.222080212471464700e-01
2.638262413156356383e+23 2.959318123579994386e+35 4.756422454648320253e-01
0.000000000000000000e+00 3.487020356429537346e+35 1.166041758112782989e-01
5.287095874932764717e-219 3.141749579382742141e+35 4.963083006972665578e-01
