0.000000000000000000e+00 3.400000000000000115e+35 8.000000000000000444e-01
1.536927946501715989e-226 3.441365631593943096e+35 6.491189393598282287e-01
8.516535024881579491e-68 3.406059820273487936e+35 6.785527565202100764e-01
1.451141191045524414e+93 3.135167386959408464e+35 7.833845836598051227e-01
0.000000000000000000e+00 2.746614236638404198e+35 7.432568494451611274e-01
0.000000000000000000e+00 3.104195248932634164e+35 9.236726822275423965e-01
0.000000000000000000e+00 2.788988807402517884e+35 9.042772033158871237e-01
9.032703497500652175e+253 3.125913255424041019e+35 6.031411842646826615e-01
7.559851547684342905e-154 3.140088406209286911e+35 4.864405176150152776e-01
6.895858782029825153e+62 2.886388239133625450e+35 5.220376683253019623e-01
