0.000000000000000000e+00 3.400000000000000115e+35 8.000000000000000444e-01
4.136355496622265633e-58 3.358991362294208353e+35 6.213077596100986533e-01
1.123184157255256194e-219 3.509052984616570955e+35 7.465938655323325346e-01
1.266702600355222118e-189 3.463448770293369478e+35 6.936364741986952298e-01
0.000000000000000000e+00 3.589054178133929695e+35 6.769073638373468427e-01
1.123177189137859958e+81 3.282991099454746771e+35 5.956598343759527125e-01
0.000000000000000000e+00 3.510553398799228710e+35 6.925514961575449657e-01
5.413013667941600831e+82 3.301577890949256736e+35 7.153916378193129200e-01
5.062490322873819883e+27 3.230575500289056855e+35 5.952723025192288020e-01
3.426765209708009843e-318 3.396100626120412243e+35 6.360295448085790948e-01
