0.000000000000000000e+00 3.400000000000000115e+35 8.000000000000000444e-01
7.698752741659944286e+138 3.319406834521544625e+35 7.148402515613814234e-01
0.000000000000000000e+00 3.765954617855703332e+35 7.229790312750425940e-01
3.193347249795313965e-220 3.452626479723631595e+35 7.545482462297204984e-01
1.065187018793840791e-310 3.423825058602122181e+35 6.504956119439644358e-01
1.475034850026000824e+116 3.226088397103005415e+35 6.789783795022535928e-01
0.000000000000000000e+00 3.429042105957435449e+35 6.991324764296824590e-01
7.418794111851570221e-46 3.198478807937875960e+35 5.649947774775539999e-01
4.907758142017341550e-251 3.191306558884403817e+35 8.201686807223119713e-01
2.401171378435267040e+70 3.121771898489563164e+35 5.567562271584106659e-01
7.343483141350916028e+07 3.055860235813552222e+35 4.786445121297660532e-01
8.984715578685638294e-295 3.233026130997225376e+35 5.177453108102414436e-01
7.301607615598265397e+38 2.943650314831618618e+35 5.919678318557729524e-01
0.000000000000000000e+00 2.708499559929520464e+35 6.013569788638168934e-01
5.765240505300479794e+44 2.931303946806225487e+35 5.436603674672356723e-01
0.000000000000000000e+00 2.608576494571490810e+35 5.673204972947023528e-01
1.319567196962815079e-187 2.708687431300233405e+35 4.637093099824627918e-01
0.000000000000000000e+00 3.383851561932635072e+35 5.854515496458460033e-01
1.267207927653311063e-60 3.059506127813206234e+35 5.042844807928178463e-01
4.513385299930635469e-91 3.041941114606072659e+35 6.628681881738935910e-01
3.532377061334304890e-137 3.150486900665029696e+35 7.063016839085375365e-01
9.555423222899322500e-47 3.079936264873153277e+35 5.521817281547699574e-01
1.257185783421963072e-276 2.883509103348518974e+35 6.555159596735282701e-01
3.914830913483513938e-110 2.703970848563419188e+35 4.083925977940838781e-01
0.000000000000000000e+00 3.153885918535620128e+35 4.439682138139308676e-01
0.000000000000000000e+00 2.575760305389963885e+35 7.011042394187217974e-01
5.386027293073314499e-88 2.807504084904732619e+35 5.152145658110726112e-01
5.243619436574086754e-173 2.799329948812961516e+35 5.517762045735203902e-01
0.000000000000000000e+00 2.858316575708470937e+35 7.360620322141268046e-01
2.696571372276172042e+07 2.898342154752503883e+35 5.127684551869262641e-01
8.175116242177632278e-52 2.873067554086847710e+35 5.438793336219828189e-01
9.944930583897085013e-48 2.813297769660970075e+35 4.864565255731258531e-01
1.844153968147228263e-53 3.066096975726613397e+35 6.290215309816336031e-01
1.058785467363700305e-61 3.067907645666502903e+35 5.224989122037538847e-01
1.209932271911569010e-89 2.934246456019352021e+35 3.539733538526140810e-01
1.493485616273337944e-41 2.851312402758473339e+35 5.177433578697111516e-01
1.321593103807471725e-57 2.993482053109529456e+35 4.374083642760876467e-01
7.656677593417428510e-08 2.891686870467582500e+35 3.898667842954800511e-01
0.000000000000000000e+00 2.545373760157227718e+35 4.629867574787495110e-01
1.577062611458093749e-86 3.132654407720660787e+35 5.972123426330346874e-01
0.000000000000000000e+00 2.781778629348378525e+35 6.945295860225031426e-01
1.679818948556452800e+16 2.876101459330478070e+35 4.328475336082956426e-01
4.575708650247369908e-99 2.891340255649698409e+35 3.193810637542828235e-01
1.347789634773836984e-32 2.869539797512968739e+35 5.097615545795328718e-01
0.000000000000000000e+00 2.572027331704477831e+35 5.692355314619564899e-01
3.131095876929275987e-15 2.801336888241876829e+35 3.964153946180084542e-01
2.653366248588932707e-10 2.969170230053548618e+35 5.179898735819714606e-01
1.522517806704530084e-67 2.815185001425745529e+35 4.914476818984246931e-01
0.000000000000000000e+00 2.618291816767542607e+35 4.831284097676613043e-01
5.340542494075869068e-44 2.782517592681384308e+35 2.927968909433117384e-01
1.362879995722655500e-170 2.752838012933034171e+35 4.928028025061622630e-01
5.669913977004095916e-21 2.844470367186409422e+35 3.595608432508062280e-01
1.360742211416415462e-220 2.966793947020291695e+35 3.199410439141234241e-01
3.894218639729569928e-20 2.813291126693953426e+35 3.461571276486301585e-01
5.454590542493762282e-103 2.801957836881499483e+35 2.436452660378710111e-01
2.236029331538591224e-207 3.009440485035796535e+35 6.940825044979695990e-01
3.428145261807095164e-03 2.846461950066533626e+35 4.194206376665507441e-01
6.007547888728975233e-66 2.967863936798020821e+35 4.175332554665780460e-01
0.000000000000000000e+00 3.114175947617824334e+35 3.227020386853692857e-01
1.833934480319815291e-11 2.964004397617633183e+35 5.301694670359204942e-01
1.014787053371438082e-06 2.840421020273743005e+35 3.916402780734252742e-01
5.072599164260485952e-22 2.958323379633886660e+35 5.526025170856535551e-01
2.917892313384962608e-30 2.821332647819576301e+35 4.592750585886977710e-01
6.971718953311004675e-121 2.786519701890363977e+35 4.999109711101451525e-01
0.000000000000000000e+00 2.670349397181513050e+35 4.767210825322618639e-01
1.751251460027062071e-33 2.761897703765494411e+35 3.123986451556741706e-01
4.829920270705086598e-29 2.997384885605906670e+35 4.956179228511637946e-01
1.228015717267536914e-18 2.869492753875979640e+35 4.920996941799888891e-01
4.852914112641593889e-105 2.952959597981016609e+35 6.197632285152349096e-01
1.015160044458464126e-37 2.966419651640417214e+35 4.449927651841282250e-01
2.702560695506983350e-142 2.645560085774116350e+35 3.174558878937411288e-01
1.085784771390321835e-98 2.987097316530123136e+35 4.110031818810868098e-01
1.165835910598730932e-75 2.869753069881449527e+35 3.186981420686887390e-01
4.195036918609193064e-65 2.978976832231541719e+35 4.298001618771701837e-01
3.223712567184436698e-47 2.727124642622758455e+35 3.217467630554897151e-01
0.000000000000000000e+00 3.167067918088611690e+35 4.549355946833155140e-01
0.000000000000000000e+00 2.704963550215693723e+35 5.181115543218948183e-01
0.000000000000000000e+00 3.267656589307316235e+35 4.213553540750756832e-01
0.000000000000000000e+00 2.762942336112163447e+35 5.690473903020314417e-01
0.000000000000000000e+00 3.003324231954305261e+35 1.619240387165292172e-01
1.370940028668220727e-229 3.114578856071598199e+35 4.675463592758779541e-01
0.000000000000000000e+00 2.450291183067778586e+35 5.761396583335447463e-01
2.464572592640031771e-08 2.845781382704981816e+35 3.873780305709447758e-01
7.529310653447911728e-181 2.648571032281447431e+35 3.600020912304504050e-01
8.558928992722150300e-24 2.806191784137136230e+35 4.295823870311584192e-01
1.102879988626149640e-17 2.917629075534523230e+35 4.225654872712772403e-01
8.110665656604455872e-20 2.803734811197661313e+35 4.170610808927791013e-01
0.000000000000000000e+00 3.140038249581039861e+35 2.669921544128502910e-01
6.938616946693545953e-60 2.874673788688978138e+35 3.364751227698984937e-01
5.178672715695684496e-24 2.856595032866628905e+35 3.627909132211432075e-01
0.000000000000000000e+00 2.469927796015586200e+35 3.806059073842579799e-01
1.261254229865838586e-05 2.942872870248248657e+35 4.808779781220335892e-01
0.000000000000000000e+00 2.618946016598649368e+35 4.275091977646945929e-01
2.876157771746470068e-47 2.734724568659741346e+35 2.855630075360320874e-01
4.825508207132494195e-11 2.971696066397026904e+35 5.208678510235735803e-01
3.024487729573807901e-108 2.869216844969143356e+35 2.935717404030356859e-01
5.753524184406098826e-34 2.950382871885137336e+35 5.647886791701899334e-01
8.607231141606523590e-07 2.827644145986898677e+35 4.065803159060521477e-01
0.000000000000000000e+00 3.123878240549615928e+35 3.681451282614752185e-01
6.109047714978208880e-144 2.624864859058715179e+35 2.717918325668463031e-01
5.852076557275284757e-165 2.838386278068409991e+35 5.711555297811994336e-01
3.480416637431429579e-49 2.854630325149998980e+35 3.308194576548124655e-01
0.000000000000000000e+00 2.523588186151244812e+35 2.904527680911601073e-01
1.085630556490870926e-52 2.922505763746775904e+35 3.852752307483603422e-01
6.439666832463443148e-19 2.809745659864482935e+35 3.481618464612346586e-01
4.529100782343557128e-69 2.849712657696350998e+35 3.080581626999919775e-01
8.505407058684123084e-03 2.857471476618784092e+35 4.412623050687894954e-01
0.000000000000000000e+00 3.264138632911872658e+35 4.400621968626970970e-01
0.000000000000000000e+00 2.687231323142207538e+35 6.094541178800274572e-01
0.000000000000000000e+00 3.300096262262695257e+35 4.633265305523499022e-01
8.237129395136724138e-39 2.771914855203869345e+35 4.051813084063163872e-01
0.000000000000000000e+00 3.093890183262496727e+35 3.369701814115633187e-01
0.000000000000000000e+00 2.643596020023988303e+35 4.543131885191832309e-01
6.867414084547847884e-50 2.766680838909022759e+35 4.144231874337995225e-01
1.051733135540867448e+00 2.904954620269835847e+35 4.559229750102502532e-01
0.000000000000000000e+00 2.769862365614013490e+35 5.804772048972178800e-01
1.000962258277531778e-66 2.926652099185062903e+35 3.765572661785589470e-01
0.000000000000000000e+00 3.024126116023809775e+35 2.858441924300596515e-01
1.918136315477825935e-55 2.713486887878126557e+35 3.084939520813152480e-01
4.734893210550185683e-21 2.822460595539984277e+35 4.461895303256454559e-01
3.332533511297388746e-291 2.683364580051139206e+35 4.715206571693792426e-01
8.607842789666867579e-185 3.040957741490082103e+35 6.977014063145456912e-01
0.000000000000000000e+00 2.540193734098561351e+35 5.466897974733631038e-01
0.000000000000000000e+00 3.307990614209755604e+35 4.486828413791495995e-01
5.369766697805106216e-185 2.846154167717317884e+35 5.863867541925946725e-01
0.000000000000000000e+00 2.959861312766472680e+35 2.255863389725281110e-01
0.000000000000000000e+00 2.392529460556950755e+35 5.709887407926470537e-01
0.000000000000000000e+00 2.385496843385869831e+35 4.441044874669685671e-01
2.287465895320753776e-220 2.932044977226330038e+35 2.864273789123658043e-01
8.045796345190691967e-27 2.852666251471061881e+35 3.560438134016246092e-01
0.000000000000000000e+00 3.222398301329707848e+35 5.384267337710101353e-01
1.509771724491976459e-225 3.095057346058756222e+35 4.485026197426986716e-01
1.284570679187241015e-322 2.639477557347253444e+35 4.299506730318549685e-01
8.393124409465302318e-40 2.788473552857651835e+35 4.312448577459088161e-01
1.949213608111028895e-15 2.859526910923319388e+35 4.776971876297879116e-01
7.039066745310076486e-38 3.039812630674448316e+35 5.544595254001588591e-01
0.000000000000000000e+00 2.450581000235902182e+35 2.609853235142978733e-01
0.000000000000000000e+00 2.560124527670001191e+35 3.720935315661805243e-01
0.000000000000000000e+00 2.580032259579780752e+35 6.557719247078167557e-01
0.000000000000000000e+00 2.583539035640837605e+35 5.878672365383678100e-01
7.112699236356740067e-92 2.697597596373808782e+35 2.033675625776175111e-01
4.179281632426024516e-90 2.737148387750750163e+35 4.176275951965813249e-01
2.764652469133857036e-182 2.853845923787335440e+35 5.912254734391984012e-01
1.664144562192890046e-206 2.919828541336647956e+35 2.817452087136913530e-01
0.000000000000000000e+00 2.423139059314633473e+35 6.345322525365648669e-01
0.000000000000000000e+00 3.212992383951260661e+35 3.512285613391477046e-01
0.000000000000000000e+00 2.433314122900177702e+35 4.285694098235017235e-01
4.913401338865508245e-06 2.950404592461080117e+35 4.950174321191235238e-01
7.860740047943767409e-186 3.025449942312744821e+35 3.963194053368528924e-01
2.520359261565552969e-79 2.759924423240344934e+35 4.381753664743686660e-01
0.000000000000000000e+00 2.495664281976844006e+35 5.660990952731315140e-01
5.725304105938800982e-95 2.674121547716790344e+35 3.100259107963240224e-01
7.614306035101540937e-104 2.822440085554972697e+35 5.244854583731212161e-01
4.533178409631412118e-182 3.008909020497314526e+35 3.815012212865157570e-01
1.480593619942289022e-31 2.937068452181143429e+35 5.553496788853404809e-01
1.361053079435689290e-12 2.926055021020951536e+35 4.400642832556853068e-01
0.000000000000000000e+00 2.511308145029235710e+35 2.843608201729450613e-01
2.484400407412915751e-73 3.096079185948499490e+35 5.810036733597470082e-01
1.652118605279960449e-59 2.957388617286568868e+35 4.127497185747028841e-01
2.635192088641964867e-258 2.771876302133133307e+35 1.218120590485421428e-01
0.000000000000000000e+00 3.281348287050182055e+35 4.750592458618710934e-01
1.648219658394560336e-05 2.845178933864330436e+35 3.976893891513075818e-01
0.000000000000000000e+00 3.088452325370878063e+35 3.353705010312317825e-01
0.000000000000000000e+00 2.639370911126462602e+35 5.323035250365393267e-01
8.429186283433128995e-90 2.932373466728634150e+35 5.990924883969828141e-01
2.108909517445157018e-53 2.971574399881542621e+35 4.332167352717732900e-01
3.139051058036081754e-201 2.941301530661604195e+35 3.049186990995134128e-01
0.000000000000000000e+00 3.326577503828851462e+35 5.214716010595203954e-01
6.422632490926382404e-217 2.741777413771215087e+35 5.041441147911192022e-01
0.000000000000000000e+00 3.332606410275662878e+35 4.582998666497358209e-01
1.091408672404637191e-197 3.002168455077040653e+35 3.664667060236799223e-01
1.976262583364986177e-323 2.736265038460584076e+35 5.421592164642846656e-01
1.533370507780940677e-34 2.771759784822498524e+35 3.965610325835684513e-01
1.519867864666715561e-293 3.130097996711298549e+35 4.531571586948511809e-01
9.342181953071600931e-166 2.786088476130469227e+35 5.246017140038947701e-01
1.403384992949287919e-148 2.619040315236609131e+35 2.639181555798727485e-01
0.000000000000000000e+00 2.530145263925268041e+35 4.641243354506540131e-01
1.412599071833078047e-101 3.085350976137978831e+35 5.205379982572532205e-01
1.351424734349405027e-15 2.944041648019787518e+35 5.364761371488564468e-01
2.048356455218251604e+00 2.902920513914248476e+35 4.564002973608839442e-01
3.149643219275208859e-121 2.769676127308050034e+35 4.818866820092739811e-01
0.000000000000000000e+00 2.611296103422635242e+35 4.547378983786630191e-01
4.964664511225936501e-169 3.126032617781296331e+35 5.169549747920045846e-01
6.023392267861351831e-03 2.931563904351445927e+35 4.854206612256608544e-01
0.000000000000000000e+00 3.247211638648644536e+35 2.815312906210452049e-01
2.754098139421267278e-191 3.173214580138876028e+35 7.250965478808386599e-01
2.311106999756494698e-145 3.036650627241076820e+35 4.315731230149199571e-01
0.000000000000000000e+00 2.663894726421060609e+35 5.412406415502599710e-01
7.691875757612638745e-201 3.083311074917402399e+35 4.491538268906937748e-01
0.000000000000000000e+00 3.072348942716223746e+35 3.763676570839182833e-01
2.061910267081482378e-105 3.092501671157338289e+35 5.265696840798910205e-01
7.193621868116879556e-284 3.177445781070466242e+35 5.098530207767920652e-01
2.785602084780759924e-149 3.190159814892375317e+35 6.589728854106509104e-01
1.216502765081461400e-134 2.724797030830394758e+35 4.372107441493295887e-01
2.680596157884165876e-24 2.868296240557782850e+35 4.984182939415483515e-01
6.624394364888979607e-54 2.831317599756659362e+35 4.954703479193887095e-01
1.076418650588659483e-82 2.890257974668288469e+35 3.308972761631399084e-01
2.486789991221658240e-200 3.067170601488142631e+35 4.321793568181158118e-01
4.140469731215967855e-60 3.079006584840791345e+35 5.967491228570900308e-01
5.118705977335694921e-46 2.750071056188239686e+35 3.797571337970462313e-01
0.000000000000000000e+00 3.208757391038267777e+35 3.654668636117943681e-01
0.000000000000000000e+00 2.655391024482793126e+35 5.086251919165660773e-01
3.895814466188185875e-201 3.084795982568590051e+35 4.505942759817473386e-01
2.485384567882094880e-23 2.791890260027160414e+35 3.359511833385085966e-01
0.000000000000000000e+00 2.782858106355923119e+35 6.381524618926848191e-01
0.000000000000000000e+00 2.765463712952352862e+35 5.729084921108087425e-01
0.000000000000000000e+00 2.564985695559153770e+35 5.476841893836830177e-01
0.000000000000000000e+00 2.658610885005079871e+35 4.611061476371037249e-01
1.750548892446867279e-15 2.829824827538419927e+35 4.439364051560432123e-01
0.000000000000000000e+00 2.652591033540612471e+35 5.565463462246839077e-01
1.109764579600328186e-11 2.811080303046978630e+35 3.979804425618483910e-01
1.278246638920473059e-319 2.693757879712665070e+35 4.954234904094818592e-01
0.000000000000000000e+00 2.696728612898675046e+35 5.154205355996109850e-01
6.173430328168877286e-84 2.788388801346208771e+35 4.759076870591165132e-01
8.158631311928422796e-122 3.067966180184594960e+35 4.822130066466622234e-01
3.412158638751716823e-149 2.681563195112470572e+35 3.871406313334952443e-01
4.864716762925220667e-06 2.837255171571602823e+35 4.236177029108675329e-01
2.251884989365006480e-119 2.886003663063322128e+35 5.851338007415058939e-01
2.631140227203179163e-96 3.093806688686162801e+35 5.380991957759817534e-01
1.224199433566806437e-09 2.816842617992701106e+35 3.901906956013806438e-01
2.335712868099057062e-70 2.783330915564711578e+35 4.585737385492328899e-01
2.510609440455009291e-219 2.825636512351168528e+35 5.839649295056978939e-01
5.022302939176342048e-271 2.708651608602188295e+35 4.919958934165767350e-01
3.129308294675646173e-143 2.726125050942180736e+35 4.448643208884985323e-01
1.883963951165371558e-13 2.972062759498980557e+35 4.983412147780384993e-01
2.971649475930025338e-51 2.821032218858745423e+35 4.825654202333219400e-01
2.169819359965447143e-137 3.010011256643567200e+35 4.086942463618983279e-01
9.152445692250013237e-26 2.958128242040120560e+35 5.575723128946488139e-01
1.338983751331333974e-27 2.882841231462152245e+35 3.782366879090630074e-01
1.101445123492178838e-02 2.884076474327785873e+35 4.695865503650951123e-01
6.082636738884231405e-315 2.703043705497755723e+35 5.039548341674381371e-01
1.087523059683500497e-07 2.956691718477454093e+35 5.106165024051529944e-01
0.000000000000000000e+00 3.139095670020512681e+35 3.815354289219907713e-01
9.036122169897225612e-25 3.000351989674344432e+35 5.613472151553344780e-01
8.733802013349785484e-187 3.189883722629868803e+35 5.880673097230284530e-01
0.000000000000000000e+00 3.181707440101406226e+35 4.266884704969924891e-01
3.236296944968765404e-224 2.751568981768919624e+35 5.176555168090547498e-01
2.416101422846608882e-188 2.734660043810753428e+35 4.818831299037786842e-01
8.454306985761784376e-86 2.864845713514311889e+35 5.493843506357040107e-01
0.000000000000000000e+00 3.087620500571496140e+35 1.555367464194644112e-01
0.000000000000000000e+00 3.299829177178169223e+35 4.877755383600029249e-01
1.149298744701398750e-17 2.943773426787341050e+35 4.499844387927417477e-01
0.000000000000000000e+00 2.607093362960061486e+35 5.870970598639787541e-01
0.000000000000000000e+00 3.193400562269638644e+35 3.873409328863105516e-01
1.227991374799107623e-67 3.091272705658549995e+35 5.953107259887866487e-01
5.183307974510992438e-06 2.896016816094045046e+35 4.896011118749648006e-01
1.553608843365070213e-01 2.901235432348429693e+35 4.484560235067770462e-01
0.000000000000000000e+00 3.137816621476988627e+35 4.216222680323339356e-01
5.812888435512631758e-156 2.716696682191825488e+35 4.412798312109744159e-01
6.745559526217764598e-164 2.745743353107048588e+35 4.810370752771566671e-01
1.019094419423805791e-22 2.861838971878818271e+35 4.905020091885123890e-01
4.784063672460323258e-58 2.711852971567475663e+35 3.154594872658550431e-01
0.000000000000000000e+00 3.206954707409235175e+35 2.601821592009234685e-01
1.705499136698588692e-81 3.075391883584608798e+35 6.417507825292955159e-01
8.207060225661265405e-10 2.918499382476505875e+35 4.389061567401049135e-01
8.658825244014327963e-113 2.696377353646091791e+35 3.777414800586513799e-01
5.316894338961061818e-43 2.769506712823600773e+35 4.078929588288559005e-01
6.778794595269670448e-312 3.038541384255657703e+35 3.504904229991884224e-01
0.000000000000000000e+00 3.290264225782753486e+35 4.552981362021957801e-01
1.715489152157233891e-07 2.908307277418110837e+35 4.344058035841816823e-01
0.000000000000000000e+00 3.192740117504807320e+35 3.484280858118345980e-01
1.860571575667953409e-130 2.754930729826220377e+35 4.712400207942017416e-01
1.318814395481093304e-92 2.953232123597063509e+35 3.818407945480278842e-01
6.291634855851814396e-09 2.885277198391553422e+35 4.881044861693635828e-01
3.082272499835678535e-35 3.035024942690112904e+35 5.601339521977212188e-01
2.836540411904239600e-62 2.877581110312333899e+35 5.428395664513535612e-01
2.870478182545504086e-23 2.942975250445453329e+35 5.476446582524552298e-01
4.398319439370432070e-129 3.005860074430993490e+35 4.096956350044235196e-01
4.656125031311355803e-06 2.949352317175680379e+35 4.954729313405462077e-01
0.000000000000000000e+00 2.415672063519954747e+35 4.007597309107945316e-01
6.487909166519642491e-26 2.996659702878458011e+35 5.019891270021878960e-01
3.656710584802454314e-21 2.902391424347247751e+35 4.037189848354800215e-01
9.485758732462672255e-16 2.973500968293987973e+35 5.417764413980282745e-01
3.454100384755167379e-19 2.810711408239738841e+35 4.256462604497808777e-01
2.275340630528639464e-41 3.030602687060682404e+35 5.229620851063211395e-01
1.550945749570673569e-181 2.912240855848806169e+35 2.878807689767979294e-01
1.735414703326950788e-263 3.214229330891685954e+35 7.634335041257975796e-01
0.000000000000000000e+00 2.727522697142810775e+35 5.593198956036798952e-01
1.448760353473065499e-293 2.891296134772318558e+35 2.135089967215151874e-01
0.000000000000000000e+00 2.614256807372656627e+35 5.284519657673517612e-01
2.268679003196574229e+00 2.880309876618171157e+35 4.428671025150353602e-01
1.639801642309476033e-266 3.134540003403152498e+35 4.710045600878096650e-01
0.000000000000000000e+00 2.940265359767201915e+35 2.322923309944613379e-01
1.252077934646926271e-73 2.791402889574634720e+35 4.704836039394112990e-01
6.909284654800173661e-252 2.697852424793176568e+35 4.706022482978026167e-01
9.115480905235179518e-187 2.918092412804945012e+35 6.375104432120080045e-01
0.000000000000000000e+00 2.593084190743810950e+35 4.259986310743579807e-01
3.995711505762082408e-279 2.777111062472329990e+35 5.646970867459943921e-01
3.972003126792694030e-70 3.087575747128261134e+35 5.700092067987359012e-01
1.347079075695691152e-123 3.060809584040247962e+35 4.729328526541894395e-01
2.209170997538409914e-211 2.919509689752352849e+35 6.480119294666405461e-01
1.073790078796416985e-91 2.994605896736256639e+35 6.313420411593950732e-01
0.000000000000000000e+00 2.526951751722512616e+35 4.249355902573386246e-01
0.000000000000000000e+00 3.385709065685020262e+35 3.617395519281225713e-01
0.000000000000000000e+00 3.158814835983215307e+35 3.459928658601105211e-01
2.044884394311005552e-105 2.828279365239989048e+35 2.623157080339459379e-01
2.398955032399300451e-40 2.867468691824009771e+35 5.153598437067783422e-01
7.472532351507790725e-48 2.918368683388601314e+35 3.868299714961457303e-01
1.121232048927287202e-26 2.956430224636518084e+35 4.498179122950900499e-01
6.607651798553847156e-02 2.901205809491421786e+35 4.483357653985380331e-01
1.531146238486387695e-03 2.932838545073296793e+35 4.904833528710645929e-01
0.000000000000000000e+00 3.169733265593138514e+35 3.718588220691640411e-01
3.022427865641968169e-42 2.739311357692739422e+35 3.409124315949723094e-01
4.488701463085998347e-204 2.926972856116117152e+35 2.901081401223983280e-01
0.000000000000000000e+00 3.306037709530441370e+35 5.659326299775460090e-01
0.000000000000000000e+00 2.499619505741112689e+35 4.298125779615623032e-01
0.000000000000000000e+00 2.451450514408697851e+35 3.430633510511540418e-01
6.846713586113322754e-185 2.994357799193344183e+35 3.657168041112661139e-01
4.323174403495027749e-09 2.826315702597778226e+35 4.171737316715352639e-01
6.434388804434386603e-30 2.824671636023633234e+35 4.616780505147767277e-01
2.111070236773983089e-01 2.891847203373656182e+35 4.678484171664846203e-01
8.945311823341045399e-206 3.236798591276374543e+35 6.523951976057114077e-01
1.424176561899637305e-119 2.787346886702935629e+35 4.999417718092822316e-01
2.857207609412852696e-120 2.874671908422024488e+35 2.901093543157422516e-01
4.292515278953208547e-121 3.103771167629202034e+35 5.263891315365506474e-01
0.000000000000000000e+00 2.723546178800518262e+35 6.217602718878624257e-01
9.719441460546093792e-157 2.832292412276153119e+35 5.621673071550964407e-01
0.000000000000000000e+00 3.111939886392646875e+35 3.930998751634322552e-01
0.000000000000000000e+00 3.291416318932028097e+35 2.982281311248276001e-01
3.089810507611355269e-296 2.634272027414536161e+35 4.100814769865739895e-01
4.560415387492919340e-83 3.073318510430945933e+35 5.239802376197536526e-01
0.000000000000000000e+00 3.353221055993603663e+35 5.427670600743734752e-01
2.260839638588966040e-30 2.881523662990416039e+35 3.732092353456094580e-01
0.000000000000000000e+00 3.284311253911251087e+35 5.438037884806795619e-01
6.413528333505103329e-64 2.933126591049452384e+35 3.850796666947620128e-01
4.348735476766592176e-312 2.701432948805423280e+35 5.011591194499392943e-01
9.151178778043370582e-14 2.981542497669261907e+35 5.234722201985756440e-01
3.189753974298627969e-223 2.674227436775616718e+35 4.262424871701500084e-01
6.396329500646944914e-104 2.877272071760327419e+35 5.703339183102554832e-01
9.717805695347718102e-148 2.815396040545175313e+35 5.429277417410933726e-01
2.366255713510160098e-13 2.887312416937512480e+35 4.031143665634163153e-01
0.000000000000000000e+00 3.079266115521914899e+35 3.532111219631483001e-01
1.573168331008760263e-10 2.812336057296265197e+35 3.857472195786663671e-01
1.235074233613165393e-05 2.840926295075550621e+35 4.301215901937009978e-01
7.693160142625787636e-34 2.982839731991196273e+35 4.688128738204909718e-01
0.000000000000000000e+00 2.585833865254406254e+35 3.534340534457732219e-01
0.000000000000000000e+00 2.196467772311119441e+35 7.823504189398649000e-01
2.312773524658556662e-149 2.673245046986746745e+35 3.744437406810597890e-01
0.000000000000000000e+00 2.669205897213425525e+35 5.285982109563787112e-01
1.254177817863697464e-266 3.208360150877730321e+35 5.553435680780999251e-01
0.000000000000000000e+00 2.748546913216153829e+35 5.562514021964499733e-01
4.594275235688924940e-220 2.837662768881794256e+35 1.991960582905266675e-01
5.778986147748578710e-21 3.002158023175201099e+35 5.427401940684638548e-01
4.793478822131798153e-151 3.181518180453581324e+35 6.157306529858238564e-01
0.000000000000000000e+00 2.658492023261073429e+35 5.884719376373174216e-01
0.000000000000000000e+00 2.598385422465475338e+35 4.306281774954734409e-01
0.000000000000000000e+00 2.714298756013475611e+35 5.610860648176798637e-01
0.000000000000000000e+00 3.148650237027024466e+35 3.629972061427819696e-01
2.291747270203478239e-07 2.842831669517984898e+35 3.896405962012784441e-01
0.000000000000000000e+00 3.069231381667016025e+35 3.638022813997261462e-01
0.000000000000000000e+00 3.286191374455457480e+35 2.179078312853472699e-01
3.068916002444622279e-228 3.081351924801570659e+35 4.325174026937563254e-01
0.000000000000000000e+00 2.904475996448733941e+35 6.888546892116912401e-01
9.796306778150347147e-36 2.903623350749191073e+35 3.856642191108430873e-01
0.000000000000000000e+00 2.441110511624012152e+35 3.475406888186558518e-01
2.489398155844837864e-150 2.751771123973071803e+35 4.801608247364691495e-01
2.071337508741647362e-07 2.884145906920557593e+35 4.845152400417417904e-01
7.149972072414662021e-56 2.916429477050431289e+35 5.656935198771658735e-01
8.560357729815560228e-43 2.912875192577891071e+35 3.862774488869695766e-01
1.398249057275325889e-47 2.942527327393039695e+35 5.742177916049515662e-01
1.539616518606911933e-99 2.983665385059979040e+35 4.068897850215782430e-01
8.261530972551579920e-112 2.836508639687921302e+35 5.419381464334239729e-01
6.931643814315772882e-67 2.953527416958794419e+35 4.023064427495333106e-01
1.687187160102455064e+00 2.894181961704553221e+35 4.679395222260150367e-01
0.000000000000000000e+00 2.501761436069087058e+35 3.884930847292226708e-01
1.478502690682009471e-37 2.903509013235030025e+35 5.407183580685560598e-01
1.013203530681502950e-10 2.963685182406417558e+35 4.941923871436657567e-01
0.000000000000000000e+00 2.562834107376132315e+35 5.573342121385412851e-01
0.000000000000000000e+00 2.608031110883117592e+35 4.856081492246165920e-01
9.479616382640985854e-10 2.958352904365270122e+35 4.888316622757623020e-01
0.000000000000000000e+00 2.736948966695374911e+35 5.536503971487346520e-01
4.190458652093705344e-103 2.856688011767237913e+35 5.536394024499152744e-01
9.914399312727355257e-93 3.054953614161989776e+35 6.507280409955822353e-01
0.000000000000000000e+00 2.603015375062790866e+35 5.151840657678462554e-01
7.699376547085293888e-299 2.575306850391178432e+35 3.180179734536440206e-01
2.763153897214732500e-43 2.895434064865472639e+35 3.704869527387083528e-01
2.954598745999652919e-76 2.978246129832260379e+35 4.195503489072150982e-01
2.320045577658089385e-302 2.732423386472894771e+35 5.303623397806803696e-01
5.955774869552199087e-106 2.905458737916140330e+35 5.913618156611363252e-01
2.471184862220442012e-95 2.982551942883435403e+35 4.090032029381949208e-01
6.833691759073680732e-231 3.144296412965684180e+35 5.001171164388190649e-01
4.226791424449857733e-252 3.220245956221864043e+35 5.797509477262060562e-01
2.081595556384086314e-301 2.978907002702120248e+35 2.952078210437785732e-01
4.564924265020080588e-27 2.782239931944106248e+35 3.260830498242377473e-01
4.309023067984104645e-14 2.848964219920245685e+35 4.639634768958577071e-01
2.717617386930771479e-253 3.129020411182460826e+35 4.713054774176592687e-01
2.469496439822443211e-31 2.944165464817061640e+35 5.585130299936673648e-01
0.000000000000000000e+00 2.954592861122512550e+35 2.443496561966743974e-01
0.000000000000000000e+00 2.663509204059521909e+35 6.095283783188283344e-01
1.637467709564081180e-125 2.948317608142283567e+35 3.546141693398119354e-01
0.000000000000000000e+00 3.095958698287962777e+35 2.785582147504129802e-01
5.111981381096215500e-302 2.538795771353236319e+35 2.481672394286099093e-01
1.230495588754195361e-61 2.901849936046814514e+35 3.585009092533509301e-01
0.000000000000000000e+00 2.587270033444724483e+35 5.023066339011901249e-01
7.571955120473555269e-45 2.833669853354113666e+35 3.205509429968839696e-01
2.135202681645503185e-43 2.916386288133545563e+35 5.548353679990163378e-01
1.797958798792858616e-297 2.777137715484925744e+35 5.715722633637083661e-01
0.000000000000000000e+00 2.886117360896307100e+35 6.856484892973617740e-01
5.099095150843960499e-227 3.019032034170124279e+35 3.688676333397513107e-01
8.234833443901586661e-89 2.897347196890962776e+35 5.756951617969913171e-01
0.000000000000000000e+00 2.656350977956106347e+35 6.749481798843206537e-01
7.624766576013391548e-58 2.747823174887808715e+35 3.960662461012441349e-01
9.606629060602481474e-102 2.793151529785961494e+35 4.941727273366806616e-01
0.000000000000000000e+00 3.272633982914544918e+35 1.585458652188840856e-01
1.410912394449493346e-137 2.791354413222540432e+35 5.145707294584450642e-01
0.000000000000000000e+00 2.606054757751109227e+35 4.674577328617535721e-01
0.000000000000000000e+00 2.267923636360096333e+35 2.414975498898804251e-01
0.000000000000000000e+00 2.599960434502136453e+35 5.012468359508215343e-01
5.831589675080896463e-94 2.962723830564313280e+35 3.900993048693530141e-01
8.766450596977645182e-133 3.142129644648334578e+35 5.692894040339980810e-01
2.753368717736288883e-49 2.724603642895959860e+35 3.222796899413220562e-01
1.981942827263396335e-39 2.777895354740006081e+35 4.151826110498169631e-01
0.000000000000000000e+00 3.087039433203520890e+35 3.110913015284494376e-01
8.903844018643275252e-56 2.932766346947922306e+35 3.922750899943709402e-01
0.000000000000000000e+00 3.485695403872011636e+35 5.238436644566205613e-01
2.693860070166278788e-66 3.076369626848261752e+35 6.201890770755855709e-01
1.073567061663587004e-181 2.755258542388759724e+35 5.011388789427404511e-01
1.249080627343197117e-97 2.672986534579996013e+35 3.119991543479708751e-01
5.958326807199080215e-183 2.971190137865851844e+35 3.435750731460075480e-01
8.002251911972561811e-173 3.182774731193623873e+35 5.905318436311192132e-01
6.601747457906158354e-117 3.137780973669878817e+35 5.822030326285346780e-01
1.156179163909877320e-47 2.800535246614938639e+35 4.561335903264364111e-01
1.435927580007985231e-73 2.979408739817978382e+35 6.127761055104075094e-01
4.194820221024740057e-298 3.131372069653118326e+35 4.525501862991295199e-01
3.363063792780402664e-57 2.911562065621986696e+35 3.712230441354849031e-01
0.000000000000000000e+00 3.280577726915328636e+35 4.931021753665659757e-01
0.000000000000000000e+00 3.323615536716676048e+35 4.955197060893758443e-01
0.000000000000000000e+00 3.204985956575102588e+35 4.833456831329840941e-01
1.096638968632620606e-56 3.044274157224691668e+35 5.173471526812223331e-01
0.000000000000000000e+00 2.643334874990417929e+35 5.221297027881703912e-01
2.064855846440799858e-112 3.127737761409401279e+35 5.708545815079797414e-01
3.293285550509958645e-57 3.039413051693759092e+35 5.096726714328233543e-01
3.784674365685293719e-152 3.052771803560532024e+35 4.445298947606811657e-01
0.000000000000000000e+00 2.656959479444706362e+35 5.211791711794896420e-01
4.893259976984826870e-02 2.925117395114812346e+35 4.800362089577475677e-01
1.371563069957436325e-155 3.125441448477043190e+35 5.259166472578609142e-01
0.000000000000000000e+00 3.270043446584534796e+35 1.222413531586410418e-01
0.000000000000000000e+00 2.400158756077829995e+35 4.803237896517261185e-01
0.000000000000000000e+00 3.292184202335424183e+35 4.666092828548321081e-01
4.152337919084437369e-58 3.037711203383117131e+35 5.061155864688640094e-01
1.761521748846900239e-158 3.128745308651579311e+35 5.278775160371038666e-01
8.721231017255989237e-06 2.862561958869987466e+35 4.590582634195695122e-01
1.183842362299758738e-37 2.751690358991432208e+35 3.618050893891748832e-01
8.533717581491744533e-68 2.763592399815626671e+35 4.313306386138041626e-01
4.508036244143305958e-117 3.046758028779943329e+35 4.615605925661946385e-01
5.827874978106490554e-05 2.837392748892805981e+35 4.104867596023871745e-01
0.000000000000000000e+00 2.657407552661041570e+35 4.955849086180950103e-01
0.000000000000000000e+00 3.096823199802652125e+35 2.934145717245834062e-01
0.000000000000000000e+00 3.041436714867650154e+35 3.366155024236838766e-01
0.000000000000000000e+00 3.303316517975297677e+35 3.574160987438116943e-01
0.000000000000000000e+00 3.236687181146910322e+35 4.799171435256815443e-01
0.000000000000000000e+00 2.686644626126104571e+35 5.192583618289737801e-01
5.522010371716495616e-266 3.185798336582143632e+35 5.287757050236649992e-01
5.996623748590836050e-245 3.019312613650233066e+35 3.606030648861019983e-01
0.000000000000000000e+00 3.114461920884297332e+35 2.995428794414689566e-01
1.315160238529748101e-298 2.689354641838948462e+35 4.817264360187590300e-01
2.925349051127300569e-17 2.882848569033635396e+35 5.010397019083235870e-01
0.000000000000000000e+00 2.710875675901139810e+35 5.353717483364396346e-01
0.000000000000000000e+00 3.164651246336716791e+35 4.162521345448259025e-01
8.024098901856217053e-118 2.763234120907331278e+35 4.724329815961562096e-01
1.700867762663003214e-72 2.698796024554568190e+35 3.234247878737310788e-01
1.710057594751841678e-155 2.841030731215693767e+35 5.687334928350173957e-01
1.419441506551609599e-164 3.082826727528139608e+35 4.697352547842768011e-01
8.321408274589543617e-130 3.094412237342408440e+35 5.074381815852704314e-01
1.432463619364904072e-163 3.010579606992259237e+35 3.935836981410492652e-01
4.328424098484875745e-08 2.934610780427800742e+35 4.607322150702970465e-01
6.164660966575431395e-167 3.026664561241405939e+35 4.081767689495811036e-01
4.855867883188405083e-159 2.731092975941527122e+35 4.611589357438070635e-01
1.031403353493067239e-106 2.936678802007102620e+35 6.113814275321817204e-01
2.467540145111887202e-138 3.097098989734386465e+35 5.041156149591811131e-01
1.041335776434224105e-31 2.978856002124544169e+35 5.727481452891969305e-01
3.729906889774747598e-169 2.682216243581820938e+35 4.032708768574562730e-01
1.344102028971532375e-14 2.947348622326612324e+35 4.598851815117855901e-01
2.694205843181298224e-47 2.986817303190574457e+35 5.934171028634699363e-01
6.072350528693565777e-14 2.855597686582469843e+35 4.707003882936177663e-01
0.000000000000000000e+00 3.225641037015828238e+35 5.379213365072068598e-01
7.160340334073190762e-138 2.708614780233230075e+35 4.179197284689780134e-01
0.000000000000000000e+00 2.689819694242495035e+35 5.826999141754243272e-01
0.000000000000000000e+00 2.345601698559421789e+35 4.526201165192376141e-01
0.000000000000000000e+00 2.740715906285235772e+35 6.573383341745906439e-01
6.828119639436702251e-77 2.758119638315939369e+35 4.332765124131363610e-01
2.071869489476817726e-31 2.756658821448531759e+35 3.364942392413943217e-01
1.632679163595960403e-115 2.847818021601876041e+35 5.535471901851176657e-01
2.167710835598753300e-53 2.835589929714576993e+35 4.992405151891571857e-01
1.860554019870283027e-224 3.045703665580600004e+35 3.973200694768624364e-01
3.357123266911137604e-168 2.847558307466492159e+35 5.799566984659302316e-01
2.414193392479523745e-23 2.909562379710625929e+35 4.068849795903049515e-01
1.178510921387388751e-286 2.781685379959212085e+35 5.717736276045789490e-01
8.819090262798314275e-03 2.861289926921447132e+35 4.157712458287471380e-01
2.098904974794335875e-192 2.646751292526375525e+35 3.657567667427483737e-01
0.000000000000000000e+00 3.126547790390425435e+35 4.101160033237656322e-01
1.345668035696993761e-26 2.987296731257722468e+35 5.665731982442632209e-01
3.234029487647599052e-116 2.960591087976723127e+35 6.298336228319867391e-01
0.000000000000000000e+00 3.310446977920864111e+35 3.233420835750043798e-01
3.255078233531366627e-141 3.080914994626568327e+35 4.829977055307043687e-01
1.116264110508532884e-102 2.754454811941184320e+35 4.510048935644334067e-01
0.000000000000000000e+00 2.680090332888706166e+35 6.187767382033193542e-01
1.424668936197855682e-90 2.776920280012815627e+35 4.682659400782143710e-01
2.128316971949995135e-08 2.920261621136737618e+35 5.106175588784737096e-01
0.000000000000000000e+00 3.143775269451302268e+35 4.094614559544166310e-01
