0.000000000000000000e+00 3.400000000000000115e+35 8.000000000000000444e-01
2.748941153040618596e+128 3.124893412486800287e+35 7.700574502761894369e-01
1.034588486245637090e+199 3.107303211766545062e+35 6.718482080213713514e-01
0.000000000000000000e+00 3.561190359029157793e+35 7.297353119854703696e-01
0.000000000000000000e+00 3.259462679680033713e+35 8.772552036632892403e-01
2.478713149187277524e-109 3.023395671114583965e+35 7.056682431322501836e-01
4.108461653494028656e-143 3.181925794297253002e+35 7.595519019016215845e-01
5.414008098272679512e-64 3.046891310584123750e+35 6.965072451263937259e-01
0.000000000000000000e+00 3.435284856964101682e+35 7.301981287376535512e-01
7.916379295907068582e-69 3.221908425468389094e+35 6.673903262966235372e-01
1.958955054477530188e+41 3.002241635365121528e+35 6.212702410534821640e-01
0.000000000000000000e+00 2.939136269762246804e+35 7.366423796015628689e-01
2.951058167677013088e+56 2.868153292962862704e+35 4.869650751677281342e-01
1.741587261729451642e-96 2.762184305699402041e+35 4.672450848908031862e-01
4.582844436429438413e-46 2.982628371901401338e+35 4.370784666154030051e-01
0.000000000000000000e+00 2.516194715741979079e+35 4.884527790557412485e-01
6.425045120059857838e-123 3.137145316442933707e+35 5.559381087737961247e-01
4.064713616152652372e-278 2.878291849344870105e+35 6.498534789581025262e-01
3.619912646778607892e-243 2.931989558271135495e+35 6.724162499697432516e-01
2.014487063936198413e-224 3.135667097712492058e+35 4.854600106187602071e-01
5.297612915919991799e-25 2.814114955445131419e+35 4.638184473001229491e-01
4.672700899657460661e-168 2.753853511284560597e+35 5.006490866473104484e-01
1.925924330531981931e-84 2.834907303627290219e+35 2.712741924242173530e-01
0.000000000000000000e+00 2.664380526000431809e+35 6.282554415721690599e-01
2.243733827086381016e-172 2.656067613774958750e+35 3.773537537264124997e-01
5.755835319001014191e-24 2.755942542841280414e+35 3.772409663581032246e-01
7.333952709804030047e-144 2.842499407471898640e+35 5.718301797574405487e-01
0.000000000000000000e+00 3.308668744838194858e+35 2.200804162226690508e-01
8.395054967732639989e-83 3.113118544412055230e+35 5.655696024360710172e-01
1.199931156924516106e-190 2.853205599795398704e+35 6.006215064356773548e-01
0.000000000000000000e+00 2.511464634902899995e+35 5.943745565551710186e-01
5.933474818550066441e-294 3.026254377600343786e+35 3.390282580886784247e-01
9.175704550982977152e-161 3.023559995193639785e+35 6.873733000837329854e-01
0.000000000000000000e+00 2.557774321017114902e+35 4.955081966005980831e-01
2.864739857240171082e-52 3.055231655566737865e+35 5.175657564799549526e-01
1.156841396934032002e-201 2.594855640951877083e+35 2.920767348684755182e-01
1.220115394535703401e-129 2.976695859523708611e+35 3.702095509699355191e-01
1.318145988435898209e+06 2.840811681345294826e+35 4.456045676266373601e-01
5.732872071531328915e-20 2.972258235486818641e+35 4.630328008752552238e-01
1.102323686048328278e-03 2.914126694934179645e+35 5.167685015040085483e-01
0.000000000000000000e+00 3.172545321048282847e+35 4.089035300640485593e-01
0.000000000000000000e+00 2.785284927508605856e+35 5.951517420651564194e-01
6.713484029653925271e-46 2.718947677150457919e+35 2.743866915072558088e-01
2.493592606236793785e-05 2.801811755739392827e+35 3.937901062165176658e-01
2.532424760071876668e-53 3.043947209161949671e+35 6.213638094208232543e-01
0.000000000000000000e+00 2.417810934108491042e+35 4.349385716779499700e-01
3.179735616446502375e-86 3.117531506609716910e+35 5.782577033784790377e-01
0.000000000000000000e+00 2.268146313798049934e+35 4.700435163884659207e-01
0.000000000000000000e+00 2.679013625071878390e+35 5.372673893864978734e-01
6.232195226780611392e+02 2.874989112960275861e+35 4.068383650952721586e-01
2.647011210885324643e-11 2.841411361290282847e+35 3.634380721662159863e-01
5.194074255413895878e-25 2.756399230238869095e+35 3.321610286462770012e-01
8.906197803422842834e-240 2.841983133431282028e+35 6.074343507704806910e-01
1.586231278616797168e-220 3.142333772901369008e+35 4.999265974592831396e-01
2.912618277370032536e-213 2.820853812583717058e+35 5.802863976664954793e-01
5.979490208710962696e-30 2.807575565583593402e+35 3.152078313555118916e-01
1.309980291643544362e-274 2.705291895043889277e+35 4.926737957642687293e-01
4.839902353083409184e-13 2.820651887207295322e+35 4.409708911994068004e-01
4.773093912858595959e-03 2.893571746825504503e+35 4.158518830354174245e-01
0.000000000000000000e+00 2.498819857404823830e+35 5.472251728959324213e-01
0.000000000000000000e+00 2.480168813845133898e+35 3.798952481222840349e-01
0.000000000000000000e+00 2.512081045249313810e+35 2.845934800956470556e-01
5.101269446818498846e-201 3.056739413783296738e+35 4.172540760526302073e-01
9.787164455420112260e-212 2.599530159114845770e+35 3.025351227208694649e-01
0.000000000000000000e+00 3.510214249327112598e+35 2.803332081579938961e-01
1.804467181446263901e-58 3.080071050732158326e+35 5.642879558327096312e-01
0.000000000000000000e+00 2.584397813355863857e+35 4.873074334608642477e-01
4.111555742994991754e-17 2.787303428362913690e+35 3.980430800746278530e-01
4.867719065163194355e-285 2.766674372140276920e+35 5.598811695018978130e-01
2.347386320826739288e-170 3.022709652965296827e+35 3.984208756006207830e-01
3.169060232755577365e-94 2.996969843390326885e+35 4.197425127067091477e-01
0.000000000000000000e+00 2.606779183645901004e+35 5.088525051361214580e-01
0.000000000000000000e+00 3.155585981730897523e+35 3.487914775111263799e-01
3.641349126462233274e-290 2.806754043758363608e+35 5.970217987764135925e-01
2.734579944857363813e-07 2.846672049077015221e+35 4.612211366969781734e-01
0.000000000000000000e+00 2.570342316213659281e+35 4.842547758818475656e-01
0.000000000000000000e+00 3.128805382957812331e+35 2.195118589073956350e-01
1.392967549071161665e-162 2.628738449507659377e+35 3.132652501991766147e-01
2.371726014213033242e-84 2.854731879226312244e+35 2.941885023541840338e-01
0.000000000000000000e+00 2.720485394799704458e+35 5.380993323734093448e-01
1.694325728951275305e-31 2.867568311545670349e+35 3.530197342633389912e-01
0.000000000000000000e+00 2.659977517018336614e+35 5.157949942374381314e-01
2.756692447929060601e-197 2.609612638817050343e+35 3.093280535179038782e-01
0.000000000000000000e+00 2.387887070370250687e+35 3.633387133802265523e-01
3.319796359911964572e-288 3.042376788731558619e+35 3.615457247715754274e-01
0.000000000000000000e+00 3.174786369540067976e+35 4.089368111605439227e-01
1.346808015908213529e-01 2.859501888130402264e+35 4.626654992754005158e-01
0.000000000000000000e+00 2.568915737662234105e+35 4.266455060064145988e-01
6.419301418608149690e-90 3.052907522997992907e+35 4.848574673608306851e-01
1.060881127575904380e-51 2.730662167123610789e+35 3.662350860988580203e-01
4.795763659085402754e-62 2.914667187882014090e+35 3.639407558565757039e-01
3.498961060020849695e-277 2.703705542245933234e+35 4.919764387160017738e-01
6.903254154628637364e-142 2.894175293957507643e+35 2.898645727357341828e-01
9.464663305948311956e-08 2.839348880564684876e+35 3.695549322013519378e-01
0.000000000000000000e+00 3.035051669023389631e+35 3.267897415725719013e-01
0.000000000000000000e+00 2.544081306855769373e+35 4.341028636371752070e-01
1.563105743777526242e-86 2.737362329829918152e+35 4.206641348276835002e-01
3.705071964359041237e-227 2.987710847369343156e+35 3.342549454771415185e-01
1.159753325299241320e-237 3.060756970013663577e+35 4.031952106035409100e-01
3.770145977732557345e-44 2.720587125483194556e+35 2.988727520045613706e-01
3.818154598885921351e-124 2.651614934597017568e+35 1.483323531413102692e-01
1.891446438587508689e-34 2.775577453297522115e+35 2.954676870403113997e-01
1.095273069670313050e-72 2.816410609810930872e+35 5.018277838220560616e-01
3.431574503022089946e-146 3.086706500968517067e+35 4.816613091236002786e-01
6.219979272165411907e-74 3.075477295330230104e+35 5.302624438107041982e-01
0.000000000000000000e+00 2.987402676148799630e+35 2.276672455557511576e-01
4.727384250206876874e-06 2.893715824750245323e+35 4.099593763873511931e-01
2.714214988005021302e-241 3.215159213849967039e+35 5.757935725011275041e-01
1.118983944591389267e-314 2.603720879266550269e+35 3.780945699031235674e-01
4.697826566348499607e-251 3.100680559185098404e+35 4.386266957058490012e-01
4.825820880508507990e-04 2.812405491502200628e+35 3.858932232991112987e-01
0.000000000000000000e+00 3.240923621379636206e+35 5.508934896739615672e-01
2.222189035564688865e-150 3.123131472118847058e+35 5.219251972113218008e-01
5.322574740117377181e-110 2.840175830627238442e+35 5.477826029764060189e-01
8.047443428250581121e+01 2.895028712062747577e+35 4.273851746112449224e-01
5.303164897660224142e-01 2.841160772598448776e+35 4.301390005190326993e-01
0.000000000000000000e+00 3.025830448338458688e+35 2.473675953500861502e-01
1.819093702528478113e-38 2.960244287807883743e+35 4.319534200807549906e-01
0.000000000000000000e+00 2.635179070919682383e+35 4.449402976144197774e-01
0.000000000000000000e+00 2.513293096785732189e+35 3.882300516413459412e-01
8.116461715782358223e-95 2.912787600798800378e+35 5.927400669202547157e-01
5.468504146678557908e-121 2.928484896387140606e+35 3.354044655867680635e-01
1.098043948885333323e-168 2.908471545914911678e+35 2.885748988216706445e-01
0.000000000000000000e+00 2.609913772420940041e+35 4.262985006555405354e-01
8.408158795740604214e-61 2.938433460244966864e+35 5.864783828175379465e-01
0.000000000000000000e+00 2.523896345320983487e+35 6.580748752413694280e-01
1.889622362686207220e-110 2.674736934401219922e+35 3.426415863140307438e-01
3.918257374877369529e-82 2.723327558783524734e+35 3.939097961745522958e-01
3.187218294553450661e-165 3.048528850747394856e+35 4.291209735130473990e-01
1.405419663502696448e-41 2.782011148808413614e+35 4.314514540205232618e-01
1.995784079396104767e-221 2.958015472727262874e+35 3.086206505995593985e-01
4.634518898226310464e-247 2.652822331324723260e+35 4.127889316527884600e-01
3.944706365990044054e-120 2.699698096967504879e+35 3.947300984924971834e-01
0.000000000000000000e+00 2.520016563954251500e+35 2.422189077203516783e-01
0.000000000000000000e+00 2.621697805470020116e+35 4.338538691856890228e-01
2.855918440744961444e-156 2.969670234346707741e+35 3.539525659476742137e-01
1.627939491673420161e-27 2.794891977918342661e+35 4.288042670601592832e-01
8.311495914613098633e-64 2.733904864669497329e+35 3.886103469890899720e-01
8.624819614532005573e-176 3.078107634637151322e+35 4.547326262336008340e-01
1.119728811987006122e-148 3.063971162451085382e+35 4.557061648944449317e-01
0.000000000000000000e+00 2.472583486819588989e+35 2.715984855593577274e-01
5.051995888395540391e+01 2.938595571714446649e+35 4.863483642064436729e-01
1.341915484522015443e-09 2.851512534377856993e+35 3.792099948215837402e-01
2.088319687632986528e-146 3.053065704316485969e+35 4.463406071910839823e-01
1.877272250582113235e-234 2.804800292422783139e+35 5.737322563842480738e-01
3.192425381260607415e-55 2.939182662152995747e+35 5.813677407902727579e-01
3.875924003187052900e-18 2.828947030055134840e+35 3.503697380106017834e-01
1.340837072208591244e-54 3.047775391820640932e+35 5.206066970596761045e-01
7.579702641371920800e-23 2.996715813244239825e+35 5.011768682669912600e-01
4.835251733629199912e-173 2.848099685959677061e+35 5.840697327049148013e-01
3.316361526282381943e-25 2.775012448656126057e+35 3.872930381915964393e-01
2.217585298997859753e-30 2.982808042740071424e+35 4.692490159392256888e-01
5.057024499501922002e-271 2.674059757594579446e+35 4.522967113422249330e-01
2.169479333276377810e-28 2.911641997289279457e+35 5.401854192014524658e-01
1.127000723904700180e-50 3.033997234099811497e+35 5.065756544856176991e-01
2.306392874826956579e-110 3.098567690129142489e+35 5.265307930537387326e-01
3.982821511954241537e-67 2.749733564568386201e+35 4.150050011232712110e-01
2.330309228761138537e-35 2.837282208173134805e+35 4.863725568895544971e-01
1.050233735003364922e-08 2.952467757531808941e+35 4.722785321800490044e-01
4.938072525767198311e-65 2.839887491167709292e+35 5.157906833864365215e-01
6.774661597861489097e-74 2.923133957733561801e+35 5.853056855414160431e-01
1.109813245550007810e-173 3.069878158274379607e+35 4.480250861916453831e-01
3.454581814219827107e-22 2.882341881308812796e+35 5.118671768018426826e-01
2.495991460085691612e-241 3.031969413756613472e+35 3.735321697618670944e-01
9.410247897974285456e-88 2.785037224627507644e+35 4.778203003794726511e-01
3.269492574667701467e-53 3.004694479960849873e+35 6.081232596930783441e-01
0.000000000000000000e+00 2.591838234619853764e+35 5.101800322723039072e-01
1.529224154817466697e-34 2.895868671227236132e+35 3.766832615372871507e-01
8.763434190616116209e-19 2.909513254400863914e+35 5.273593375197311861e-01
7.252671968744477918e-20 2.854856516525769608e+35 4.847437697482017693e-01
7.616653942910146117e-28 2.789119570522825407e+35 4.180141106332411205e-01
1.798644262459606914e-98 3.081982043506942220e+35 5.160964158832009874e-01
1.305266164336995472e-11 2.927437869647771130e+35 5.273832141327783329e-01
4.211966041867566005e-37 2.970731881946348747e+35 5.804216909004397129e-01
9.734414721577402605e-207 2.864239052978023770e+35 6.104140617281625936e-01
0.000000000000000000e+00 3.225502907253371963e+35 4.957170885832935525e-01
0.000000000000000000e+00 3.251762129523945159e+35 2.983027399025731108e-01
9.723953923218894895e-246 2.646974990069636483e+35 4.028032057579127301e-01
3.193676042956643573e-312 3.125456034512837000e+35 4.385430765752682536e-01
0.000000000000000000e+00 2.618573279447359622e+35 6.206804227552554787e-01
1.410238232370246203e-92 3.076808598651984791e+35 5.151246583589008665e-01
0.000000000000000000e+00 2.587237055638688517e+35 4.204403396530108639e-01
2.225516887530548074e-119 3.150668689367688503e+35 6.670919962298119676e-01
0.000000000000000000e+00 3.357020664464999414e+35 4.644775501613535029e-01
2.935848087580896053e-56 2.766664824356369174e+35 4.264412764088390539e-01
0.000000000000000000e+00 3.003329481467368080e+35 7.872840863231782560e-01
0.000000000000000000e+00 3.281401015371280456e+35 5.886199962929874463e-01
0.000000000000000000e+00 2.743436310891275273e+35 5.675367081449486095e-01
8.687026173512650375e-35 2.991256808760469036e+35 5.844148239362232378e-01
0.000000000000000000e+00 3.138195034734474961e+35 4.314047188743652117e-01
0.000000000000000000e+00 3.186199455502265528e+35 4.207623346651287455e-01
2.734643457170829142e-171 3.194953562876991800e+35 6.090423449883953788e-01
1.546038726903381485e-60 3.085133391913703765e+35 5.858492703095421472e-01
7.720908694808487938e-42 3.053903190490927425e+35 5.796669422823022000e-01
0.000000000000000000e+00 3.325571200985226984e+35 3.672643173814212902e-01
2.128223832705043509e-35 2.835623253663056061e+35 4.847488130213793434e-01
0.000000000000000000e+00 2.717907601426330484e+35 6.004164459311465141e-01
0.000000000000000000e+00 2.528013725025656679e+35 3.792566877908187806e-01
3.808767091548676147e-31 3.021294149770500085e+35 5.223362576435336413e-01
0.000000000000000000e+00 3.061120741363409764e+35 2.174543679425253728e-01
2.285662938825392620e-17 2.941767295402212249e+35 4.424212323920765355e-01
0.000000000000000000e+00 3.290551592808826997e+35 5.794832946828514242e-01
5.057923049968158011e+03 2.890762623404606801e+35 4.467656349708671315e-01
0.000000000000000000e+00 2.407530211527009750e+35 5.458432118710385694e-01
4.878034798292581985e-69 2.694762494615683965e+35 2.619250523433309663e-01
3.913812240708493907e-135 2.941225108283121728e+35 3.420270139418984945e-01
6.346288642304292898e-172 2.842659694775176777e+35 5.775666671011208120e-01
2.280855845767150185e-256 2.997686300435891406e+35 3.338194660639180467e-01
0.000000000000000000e+00 3.422815156818099479e+35 4.295641509301850181e-01
7.100403769877984857e-26 3.000172797466662891e+35 5.084850193138978902e-01
3.029755359262444986e-21 2.806464182952050750e+35 4.233910445236108711e-01
9.729543855269963367e-92 2.833617659793528676e+35 5.265361969274972020e-01
4.327406925701053439e-18 2.958284664077700518e+35 5.448377713681848977e-01
2.329949831676066398e-202 2.929052473222125621e+35 2.929138472601275911e-01
2.946662929898384298e-01 2.913641571614998847e+35 4.718221612684131427e-01
0.000000000000000000e+00 3.150064172206727028e+35 2.737234131193893028e-01
4.154642202199517060e-25 2.979820456284275324e+35 4.792162264000510152e-01
1.110258699035565409e-254 2.691457741354365533e+35 4.645328753944937272e-01
3.525532275842358768e-17 2.816541908939933036e+35 3.541722263025630646e-01
1.710291850163509411e-99 2.955472820895678155e+35 3.788496214198596168e-01
0.000000000000000000e+00 2.444415063175304585e+35 5.563377381294520863e-01
9.952563279514703329e-202 2.902045668267570636e+35 6.334661948247962693e-01
3.423270694803564572e-19 2.983756983497107359e+35 5.509130212676108806e-01
1.835347131002260076e-46 2.751769249048659744e+35 2.820323482552005157e-01
0.000000000000000000e+00 3.123696478168394141e+35 3.713748474192965499e-01
0.000000000000000000e+00 3.152932676911311708e+35 4.384150052490272675e-01
1.341483837437901773e-83 2.948295715941300805e+35 6.042928968544084567e-01
3.316989566623888811e-211 3.011667393861349068e+35 3.691515117669720292e-01
4.684950072482793045e-133 2.906366271336209321e+35 3.103469042358341090e-01
0.000000000000000000e+00 3.247230025327054062e+35 5.310154842040213374e-01
2.903517212745396203e-01 2.916223718456505411e+35 4.818318083633897908e-01
8.191193476782998554e-39 2.764166722376163622e+35 2.968231475780516160e-01
0.000000000000000000e+00 2.672711645378730200e+35 5.110091914284843329e-01
4.398442401869116606e-18 2.980960093076479704e+35 4.952020727184396898e-01
8.866820549475728645e-19 2.931215387039541120e+35 5.365560056665390487e-01
4.068553405805288788e-131 3.045303818389651311e+35 4.495881719761652406e-01
4.805528029491613772e-186 2.919603492289084585e+35 2.919346273849524609e-01
4.679102883293014035e-77 2.766679834205300848e+35 4.451543308930732135e-01
8.909745065894786182e-191 2.991885223434290683e+35 3.595205505216242381e-01
5.190056075351687087e-148 3.070000424168298735e+35 4.655775086726553491e-01
9.549010339253576757e-03 2.930133728780042586e+35 4.965736772455905390e-01
5.412340919697070248e-82 2.978536648950842399e+35 6.187636135216536548e-01
0.000000000000000000e+00 3.007660035443157659e+35 2.593321557105088826e-01
1.212571267964051864e-294 2.779757754447347192e+35 5.731791219012098981e-01
8.919408101984910798e-96 3.078277982069973192e+35 5.164858111478672908e-01
0.000000000000000000e+00 2.672655297758657139e+35 5.770336745143074264e-01
2.657718365265920746e-138 2.714167170084325753e+35 4.263680850316907689e-01
4.890376491739372040e-211 2.788801553157024371e+35 5.486377817506211674e-01
1.072721442419982973e-216 3.006696398712378494e+35 3.611503494834991113e-01
9.180493802782300459e-161 2.789878222671017258e+35 5.259993361131284351e-01
2.197428519578367561e-37 2.958023849525340653e+35 4.358330962531138386e-01
0.000000000000000000e+00 2.747092533801879890e+35 5.762052735160909656e-01
1.165063610366001547e-53 2.856349516395123810e+35 5.190979363554305559e-01
0.000000000000000000e+00 2.761424508156926066e+35 6.606265080115978350e-01
0.000000000000000000e+00 2.718486329207359339e+35 5.871182543002885224e-01
1.257118456002926156e-17 2.992102983714736124e+35 5.189739980067227254e-01
8.763214586289507544e-97 2.718494538116046172e+35 3.973382716297078621e-01
9.841534791915617251e-22 2.777293886797315421e+35 3.597599896757402438e-01
0.000000000000000000e+00 2.681263117529735098e+35 5.340148209861507178e-01
9.312113059188772690e-21 2.872020812958077676e+35 4.980252447959647721e-01
8.204162525710372604e-08 2.958032080501230640e+35 4.947749723502647412e-01
5.226645936727778123e-90 3.053560291680947987e+35 4.908895961287002563e-01
1.622525084201142414e-20 2.902141285237519648e+35 4.032512228207721372e-01
8.826464604933596137e-54 3.040525908439371020e+35 5.151422640700078492e-01
3.636957552594378634e-216 2.870099702203062427e+35 6.173166522402719902e-01
9.697496803752473492e-181 2.954601118208464220e+35 3.282013841771727614e-01
0.000000000000000000e+00 3.353405241644800252e+35 6.420116011679977142e-01
0.000000000000000000e+00 2.745466499464736214e+35 6.267885812322974148e-01
0.000000000000000000e+00 2.584488748595103952e+35 5.683113497093960076e-01
3.708502002027556309e-33 2.924447159484631559e+35 4.072046899418513277e-01
6.892495387517064441e-137 3.143051573748303213e+35 5.655023115455386495e-01
0.000000000000000000e+00 2.777226287008083879e+35 5.995526329029692292e-01
6.316948441107941847e-02 2.897514140561167993e+35 4.803603355172952893e-01
0.000000000000000000e+00 2.787488898317436483e+35 6.667574733425045697e-01
2.330559387752290726e-88 3.033767069395164278e+35 4.690488473993932317e-01
0.000000000000000000e+00 3.294667853901123663e+35 4.365862598739616574e-01
3.586704476735392486e-114 2.769173567385124141e+35 4.771699057750961592e-01
6.255279334847661901e-32 2.776983097244856648e+35 3.122929076210554378e-01
2.242715746832771887e-95 3.085264810713193309e+35 6.562825664064212416e-01
2.906601210060514908e-227 2.841028125035683703e+35 5.997548415130469213e-01
4.345175221084350040e-94 2.903629517850357336e+35 5.836748812383107943e-01
1.537648259532123958e-68 2.740652510906786722e+35 2.430840832443281474e-01
2.318861131134441747e-292 2.625750152588688467e+35 3.961056829956876024e-01
0.000000000000000000e+00 2.574805986831948790e+35 6.687860596512129607e-01
1.274020208519382537e-176 2.902726360241430213e+35 2.812572708506300145e-01
0.000000000000000000e+00 3.095691041372018459e+35 3.946051727089504579e-01
0.000000000000000000e+00 2.804082155997048565e+35 6.754044097842586414e-01
3.788882573012397067e-161 3.089385207741570714e+35 4.788171392657273873e-01
1.879858705884260723e-161 2.878315502109046745e+35 2.675221888310522766e-01
1.107532664116211225e-111 2.805487849270389775e+35 5.135709406246844466e-01
6.327714740326747787e-12 2.811421588711647363e+35 4.059289374223958302e-01
0.000000000000000000e+00 2.832231692235335381e+35 6.784715947694439642e-01
3.812874647459294955e-26 2.939803856631677909e+35 4.312376119994193457e-01
0.000000000000000000e+00 3.310622268579838087e+35 5.918555496349198197e-01
0.000000000000000000e+00 2.873648637431750547e+35 6.572157153027953225e-01
5.859238029043659318e-100 3.129174010637478545e+35 6.462405155869581641e-01
0.000000000000000000e+00 2.990222863278551651e+35 2.685817045036995587e-01
0.000000000000000000e+00 2.781663118928611242e+35 6.022776694906766259e-01
3.200034236125923739e-39 2.829465524773302098e+35 4.797440963533555758e-01
3.019744316051865012e-249 2.770255752397142171e+35 5.471782903078339366e-01
1.272413007633202032e-209 3.110401232717471451e+35 4.734557081265866607e-01
2.285355422216590862e-183 2.968439726775669428e+35 3.402734350239788874e-01
7.935101290615915737e-160 2.817755595189211228e+35 5.513496157617255866e-01
5.335512834678287340e-64 2.982121538025658899e+35 6.072177468030444114e-01
4.978006741695985109e-03 2.898183194776836149e+35 4.848128457229500254e-01
1.413548979160513862e-39 2.739691974140239039e+35 3.134480446454851466e-01
4.750880909381336557e-37 3.037602484323046094e+35 5.482592220704479713e-01
0.000000000000000000e+00 3.250240173718549592e+35 3.963958752233182059e-01
5.795129348125566421e-294 3.163860508972380932e+35 4.893480739519241451e-01
1.934927003909004259e-22 2.896311897573225791e+35 5.195400460963648381e-01
1.199181395110883998e-268 2.987330839704914400e+35 3.175039682574632982e-01
0.000000000000000000e+00 2.863484103325417219e+35 6.767384415555035559e-01
0.000000000000000000e+00 2.580548046185241991e+35 5.507751209031525041e-01
3.352768672432215960e-128 2.793596679446886429e+35 5.118134317523782562e-01
0.000000000000000000e+00 2.540710749123500986e+35 4.829937452632179773e-01
1.305107136960101636e-19 2.926028523124542660e+35 4.269114868705726207e-01
0.000000000000000000e+00 2.452564641058491619e+35 4.282838355540711794e-01
8.141882950376662708e-77 2.839448170843391857e+35 5.222224917918286691e-01
2.588166016794540468e-290 3.151421557675787114e+35 4.774337209899944812e-01
5.257751167779281037e-09 2.861679427857011477e+35 3.924854563290488541e-01
8.936679195089921590e-01 2.913189267356862751e+35 4.822484486841977502e-01
0.000000000000000000e+00 2.593603412422108709e+35 5.064121685947879925e-01
1.325756377011124482e-86 2.701345625427650150e+35 3.563678333200629433e-01
0.000000000000000000e+00 2.683766783014346633e+35 5.096177577491773913e-01
2.330707925724913683e-66 2.944880978024461685e+35 5.910175147718221833e-01
1.716435826963149960e-61 2.838880100363671586e+35 5.099826052107206964e-01
9.232144666211141870e-61 2.949403997332879427e+35 4.031521094667717131e-01
2.456392420674510368e-03 2.886445549166338589e+35 4.246728104563606276e-01
0.000000000000000000e+00 2.602021056856148080e+35 5.286003348298131677e-01
9.135603342930143089e-01 2.896501128356446660e+35 4.434126153676908322e-01
0.000000000000000000e+00 2.793417386089602367e+35 6.739949803477824908e-01
0.000000000000000000e+00 3.041372385609417707e+35 3.273408104342146463e-01
6.354617961184446030e-310 3.106254239015340207e+35 4.204772837367646288e-01
1.297276233914296677e-40 2.955022940578699800e+35 4.288737117369198493e-01
0.000000000000000000e+00 3.078835428631049955e+35 3.332895471561700407e-01
0.000000000000000000e+00 3.230859402875159924e+35 4.882650636232164776e-01
0.000000000000000000e+00 2.615791376149034028e+35 6.301438490464953412e-01
5.856350149218146412e-07 2.952060018741611755e+35 4.870726417589154589e-01
2.131125059198238966e-03 2.851950086241863374e+35 4.394718316237576361e-01
0.000000000000000000e+00 2.606881658881487092e+35 4.410449565030824526e-01
0.000000000000000000e+00 3.144965578125304168e+35 4.162828690143511867e-01
1.056250640127469931e-86 3.007015482212933853e+35 4.406614758541138599e-01
3.563291900208984562e-59 2.737362971577710268e+35 3.815575923817874360e-01
2.391763615240443664e-20 2.824170368655629629e+35 4.481276193997049684e-01
2.892753110918166189e-188 2.909377664301199577e+35 6.331180958336397602e-01
0.000000000000000000e+00 3.094331586217832346e+35 3.202306300649939708e-01
1.826136449996464826e-71 3.086485586007659799e+35 6.255637970025618166e-01
0.000000000000000000e+00 3.226830121153159679e+35 5.316028452501668777e-01
6.853736597478093657e-149 2.855292702095207694e+35 5.774003953441639858e-01
3.239809518468518770e-80 3.039580831972336271e+35 4.831259244394234265e-01
5.638372558630276880e-241 3.010006632188177570e+35 3.527286789621622010e-01
6.973727994411720048e-193 2.951089514843120011e+35 3.183507319538181335e-01
2.754975086871582874e-17 2.912296920028242973e+35 5.235348301192678244e-01
1.857360007396822542e-314 3.278192630521390011e+35 6.164132696263396882e-01
4.812455943763195097e-08 2.834186157299561704e+35 3.832924134750020917e-01
3.533684314792600195e-55 2.884300243860667568e+35 5.431268186759004024e-01
2.372796852665831282e-111 2.958787864735213399e+35 3.734727216544105888e-01
0.000000000000000000e+00 2.406682015589574017e+35 2.720368852548766814e-01
6.586047918766006136e-219 2.698371311626002870e+35 4.554060325351735883e-01
1.776466946417275885e-05 2.855063522337676705e+35 4.519482614805144238e-01
0.000000000000000000e+00 3.144541739876252012e+35 3.222695479726391810e-01
7.048516412345082041e-24 2.795341429084376840e+35 3.323189214347597176e-01
3.115708471259211742e-82 2.893064069334037975e+35 3.330212987655870593e-01
0.000000000000000000e+00 2.559771133040350490e+35 4.923966286129628500e-01
3.169562007051713627e-43 2.884524479557375924e+35 3.603938158947290193e-01
0.000000000000000000e+00 2.619614688822305600e+35 4.521440720856996220e-01
3.618005574387357074e-22 2.990225787982055178e+35 5.592212005581322920e-01
1.405975904618118534e-124 2.964676813218904584e+35 3.705905017942545676e-01
0.000000000000000000e+00 3.166744161709423386e+35 2.582530365911714920e-01
0.000000000000000000e+00 2.850812368132701688e+35 6.914045627450071674e-01
0.000000000000000000e+00 3.137642729172292917e+35 4.375439585766500161e-01
0.000000000000000000e+00 3.237284102841364363e+35 4.423131325068906938e-01
0.000000000000000000e+00 2.462621145584519374e+35 2.227534550450986917e-01
6.482216228300535611e-179 2.736577532818991506e+35 4.794825830380068932e-01
7.261599235743863693e-12 2.824782067889711423e+35 3.688950564444199998e-01
8.361750728417707254e-110 2.728880463070836972e+35 4.242572264131222459e-01
0.000000000000000000e+00 3.501910488180107917e+35 5.543312756797812435e-01
1.564334015835543024e-251 2.668713000442899689e+35 4.344935490729660565e-01
9.146386317831837900e-60 2.707490995411460139e+35 3.102661433254635392e-01
1.333370680220895671e-247 3.130354410870914446e+35 4.752357934321361776e-01
0.000000000000000000e+00 3.144496551948068760e+35 3.386508868791932580e-01
2.412715544164993163e-86 3.063566190837687632e+35 5.068022165399044265e-01
0.000000000000000000e+00 2.636492750629330670e+35 5.188848789598434763e-01
7.171154449727080342e-04 2.943101475984754238e+35 4.960384952719947282e-01
4.014285499945008754e-40 2.885858211278357633e+35 5.311477447111998540e-01
7.199036870950561161e-245 3.153449994646799550e+35 5.024530047636973640e-01
7.218786201111885336e-193 2.739110231025670955e+35 4.897142031353892144e-01
0.000000000000000000e+00 2.762701945816060545e+35 6.314113490973425336e-01
0.000000000000000000e+00 3.077151089979206112e+35 3.562419983093987330e-01
2.337000730058957415e-13 2.974122059087386290e+35 5.365619467982996049e-01
1.201468691108936499e-207 2.971707285945466761e+35 3.308892588479531160e-01
0.000000000000000000e+00 2.444007430614632965e+35 3.775403185646020177e-01
0.000000000000000000e+00 2.419042715820388188e+35 5.961159275369424249e-01
0.000000000000000000e+00 3.289470983059680176e+35 5.127583676880157482e-01
1.069597219964514225e-49 2.988132398923087631e+35 4.544546524597270487e-01
7.113006435670927403e-09 2.934950718902609994e+35 5.201909330819056709e-01
2.027767958242815003e-45 2.813929949330131145e+35 3.061590488640378860e-01
0.000000000000000000e+00 2.513085075368478466e+35 5.338090811941766933e-01
3.323683095990455361e-02 2.850512385743264124e+35 4.159679062760586188e-01
6.926034160611975023e-187 2.956594829083393591e+35 3.268215241758650191e-01
1.838018859527811448e-179 2.627934215259533612e+35 3.226423981759405368e-01
5.044568964725373352e-69 2.740435850923413427e+35 4.003277525709901807e-01
1.576873272573312924e-106 2.971988233843593273e+35 6.307621612537473998e-01
0.000000000000000000e+00 3.043920807773449979e+35 1.708458783553904459e-01
1.331342348162518971e-147 3.041052568110877290e+35 4.342931712164134206e-01
0.000000000000000000e+00 3.235613884842101859e+35 3.427705043281950026e-01
0.000000000000000000e+00 2.673927105472560273e+35 4.790023790814579852e-01
1.481313587531902458e-21 2.792339898255840976e+35 3.384665025887803047e-01
7.267211741209052523e-101 2.971079461365290594e+35 3.928349784228457042e-01
2.274809799412076374e-102 2.926199145161387982e+35 3.484248365686914428e-01
0.000000000000000000e+00 2.716350621536805895e+35 5.610562006844527216e-01
2.134503091550001130e+01 2.880517723881540677e+35 4.466372888176611822e-01
0.000000000000000000e+00 2.626435124817603945e+35 4.682307473292366962e-01
1.671972218620571831e-95 2.926911017754171150e+35 5.987893409209635864e-01
7.398860019040471103e-40 2.925854262927166302e+35 4.023027709232206983e-01
7.235344750388977453e-152 3.003698950560040790e+35 3.936835484165827070e-01
0.000000000000000000e+00 2.653745844561836043e+35 5.604908550440226289e-01
0.000000000000000000e+00 2.608121721888679393e+35 4.746782710571401109e-01
0.000000000000000000e+00 2.594744382396505748e+35 4.579367325746890871e-01
0.000000000000000000e+00 3.056435172756638576e+35 2.998652781517343602e-01
2.487635382170954617e-22 3.001133309500423018e+35 5.239824373178114669e-01
0.000000000000000000e+00 2.688425668883703931e+35 4.915529378824765594e-01
3.674432794190665964e-97 2.704121796493589461e+35 3.732329325101866879e-01
1.751582279685662503e-155 2.747806809029677917e+35 4.782714973800653024e-01
8.639603143129466200e-119 2.826049895085910458e+35 5.363279104766989214e-01
1.583721582769678604e-50 2.774173570186021017e+35 2.811514948647778622e-01
2.054410856273557510e-40 2.741641992206907197e+35 3.098517998298717657e-01
2.528393413306547246e-259 3.041357949522796962e+35 3.765287522415243782e-01
4.220501157803508906e-14 2.808061954188182045e+35 3.673870452786170415e-01
0.000000000000000000e+00 3.339451252989565870e+35 5.188834023148598540e-01
0.000000000000000000e+00 2.597443447874429170e+35 5.382156984500766628e-01
5.468514338052858708e-263 2.689458232149107799e+35 4.657083161942946470e-01
0.000000000000000000e+00 3.017636120541133802e+35 2.213641416342546631e-01
0.000000000000000000e+00 3.176655178898128075e+35 2.243962291960765187e-01
5.818199490926353284e-20 2.877078406943235008e+35 4.994822260031905325e-01
3.603769516483295857e-25 2.811118610003232728e+35 3.365909563193613674e-01
5.746817150891629412e-149 2.957409513661804920e+35 3.494107340032815423e-01
1.058746901799594625e-75 3.016927505969626040e+35 4.622174669426075688e-01
4.004610045217302530e-122 2.693741894159116632e+35 3.822111173656950744e-01
2.100874764471398199e-14 2.896666369619306051e+35 5.063320746504632597e-01
3.471463905765188902e-28 2.809505702842559629e+35 3.303966099407444901e-01
6.516651963491928460e-30 2.807309340800006133e+35 4.404658206977998258e-01
0.000000000000000000e+00 2.738913395462943421e+35 6.803120883089068816e-01
0.000000000000000000e+00 2.739941784461005963e+35 6.148468371737157989e-01
5.762639468666926553e-276 3.162617249472724818e+35 4.973504830488059136e-01
0.000000000000000000e+00 2.605183831823738957e+35 4.959287277501592262e-01
3.682036069716479653e-131 3.025604980909299051e+35 4.292390321708626222e-01
1.099621318050698302e-117 2.831921284447318797e+35 2.563457913142881406e-01
4.834051521311539154e-115 2.750780645520870069e+35 4.554402462412759367e-01
0.000000000000000000e+00 2.780505765879191138e+35 6.452286931247591673e-01
3.135787866437555162e-117 3.042144945466231680e+35 4.567006047709386563e-01
3.487303865406153963e-37 2.807164744754614520e+35 4.507524063940677728e-01
0.000000000000000000e+00 2.728400268345244721e+35 6.030569529689259189e-01
1.338450741125528991e-17 2.792877883447748529e+35 3.805610403114089713e-01
3.595758712268969344e-73 2.964980702466278699e+35 4.090341295003641631e-01
0.000000000000000000e+00 2.642278497395637456e+35 4.467082311837748398e-01
1.492051430895470986e-233 3.058929760673006693e+35 4.067699318949490328e-01
0.000000000000000000e+00 3.312722507790060518e+35 6.119321045410729409e-01
1.428580396216799816e-174 2.718850201854851635e+35 4.552617701020705288e-01
8.773907545927500852e-156 3.073966169076420735e+35 4.657632556351820607e-01
0.000000000000000000e+00 2.363693022900437573e+35 6.512789273879807661e-01
0.000000000000000000e+00 2.682721001122522616e+35 5.890257749168357204e-01
6.536860704353461989e-07 2.913634617976174903e+35 5.020925499318893426e-01
5.148667956438272281e-167 2.851024315337636728e+35 5.819233637982841323e-01
7.424438196604730121e-134 2.884584129889175332e+35 5.913678350718467591e-01
1.154009855112447339e-05 2.839569190749787363e+35 4.226464643266338306e-01
0.000000000000000000e+00 3.230151493281601660e+35 4.099017727344012596e-01
0.000000000000000000e+00 2.716996780641901551e+35 5.735755884831628126e-01
5.588260951199867448e-229 3.194228453543149628e+35 5.616277799402555893e-01
0.000000000000000000e+00 3.222103692463873030e+35 4.955215332477502788e-01
5.401068008468238002e-313 2.645460205550604763e+35 4.331506610092338838e-01
2.030435784734804710e-79 2.971039659733266308e+35 6.127004800049857813e-01
1.277574836383128894e-16 2.836179834407979137e+35 4.533018593832369159e-01
4.596463478300387711e-97 2.785626702903770132e+35 4.824910745257587896e-01
5.255823865340090337e-28 2.765747761130512842e+35 3.403308557041229698e-01
9.920076111735170783e-285 2.665447840514071996e+35 4.460057012482256389e-01
2.366099822493362650e-42 2.787748184005757088e+35 4.327893192823986657e-01
0.000000000000000000e+00 2.628221692933394266e+35 4.300381698545986398e-01
6.506103940979907804e-07 2.862135282928978148e+35 4.604102588100102422e-01
6.349133344978230548e-52 2.827261553077796251e+35 4.891916959149430477e-01
6.716352357219312183e-267 3.184075562975683834e+35 5.265457372815778303e-01
0.000000000000000000e+00 2.580946432680904335e+35 4.942524826852905950e-01
7.989647046771940008e-165 2.642428089584946013e+35 3.346072920250735550e-01
5.172872819173048991e-44 2.786150623425222135e+35 4.328866506519711832e-01
3.844083464210777279e-209 3.021268201772618928e+35 6.995085874168467388e-01
0.000000000000000000e+00 3.172006142219259226e+35 3.160295236602090885e-01
0.000000000000000000e+00 2.563210847586757065e+35 5.074297314937700198e-01
4.324465673415260022e-263 3.087018154494973838e+35 4.219424985794116290e-01
1.777739649443780559e-229 2.689367687397615786e+35 4.489896389471136895e-01
7.005351346504216478e-256 2.747057265345093145e+35 5.265522659065459132e-01
0.000000000000000000e+00 2.706623042966452304e+35 5.726078556405083120e-01
4.468587547148155389e-180 2.874113131425609181e+35 2.538548264976504543e-01
0.000000000000000000e+00 3.169030350233926771e+35 4.485747539341730650e-01
3.020458271936581637e-249 3.150533946489119374e+35 4.975253710758109627e-01
8.602036164408827795e-74 2.890776188029379213e+35 5.608272815782999743e-01
1.185483148034333659e-04 2.890152119606304138e+35 4.275076526603648341e-01
0.000000000000000000e+00 2.632034577627360760e+35 5.636354479106607807e-01
4.343064788916870282e-71 2.807027066246665214e+35 4.852981401027807173e-01
2.292165999887548069e-97 2.951940543543457665e+35 3.774323474113333576e-01
7.598330084012446462e-55 3.070032259179222642e+35 5.778057708676289650e-01
