0.000000000000000000e+00 3.400000000000000115e+35 8.000000000000000444e-01
4.274705697545788944e+59 3.373788419459712688e+35 7.421117661777782981e-01
1.745664251609794815e-38 3.302010376883311871e+35 5.890850710892882036e-01
2.307012323768507005e-11 3.374227223765185486e+35 7.793222019515197996e-01
0.000000000000000000e+00 3.407264093407533752e+35 4.904983197446459164e-01
4.770926815399035969e-113 3.396780680538297168e+35 6.735540254586497300e-01
1.864583625203059509e+146 3.028449717847758226e+35 7.124143818609377510e-01
2.124407996009981749e-296 2.762167052405774417e+35 6.277941863117068033e-01
5.705475223737136146e+180 3.019684036681550580e+35 4.866928468712422573e-01
9.252340591929213232e-172 2.678332896308183289e+35 4.331010227687031588e-01
