0.000000000000000000e+00 3.400000000000000115e+35 8.000000000000000444e-01
0.000000000000000000e+00 3.841786488005330085e+35 6.954954576249841036e-01
3.032002530024215316e-251 3.321928004014827619e+35 5.099532269010156327e-01
1.264890295836541340e-289 3.314355829154841012e+35 9.018069679694959984e-01
1.068949895644163932e+120 3.310237364624604609e+35 6.613526289595419438e-01
0.000000000000000000e+00 3.508699522477403434e+35 5.466545595295407844e-01
0.000000000000000000e+00 3.571652255019737586e+35 6.753565077554490870e-01
1.616734760875923531e-156 3.408986054005292802e+35 7.042571257833021292e-01
2.263272030401123037e-39 3.256247629526921606e+35 8.042370127755269493e-01
0.000000000000000000e+00 3.770571072722041942e+35 3.847203267125279269e-01
