0.000000000000000000e+00 3.400000000000000115e+35 8.000000000000000444e-01
6.342148859979228696e+47 3.381740744567761550e+35 7.525612855461795148e-01
3.176152920419490601e+176 3.250472802588990794e+35 6.701068128090972298e-01
0.000000000000000000e+00 3.573350345368364899e+35 6.184666089449796234e-01
0.000000000000000000e+00 3.430695802208304353e+35 6.596757068012062408e-01
6.570552139563258606e+03 3.236558680042126322e+35 7.210500665630121819e-01
0.000000000000000000e+00 2.960717754150219875e+35 7.795607328272602388e-01
1.641932292235420045e-142 3.305302478488125175e+35 6.283217329014914032e-01
0.000000000000000000e+00 2.815016882176820083e+35 8.964042483035263853e-01
1.436342730652702072e-92 3.194595192132413722e+35 7.804472054161739614e-01
1.047550627460187776e-234 3.393372532087103944e+35 8.113657955236001085e-01
1.182732228201083945e-171 2.943382785487033507e+35 7.156334634083250101e-01
1.128141522696210939e-18 3.203921239571417158e+35 7.469825307600747033e-01
0.000000000000000000e+00 2.731571719652828198e+35 7.643991927611984982e-01
1.046154567676098041e-229 3.381467625294351167e+35 8.157557521578258086e-01
1.736055632097957167e-14 3.035518254302329167e+35 7.121967333799309463e-01
1.384051204321080480e+17 3.232006800060713370e+35 6.977556820842522045e-01
0.000000000000000000e+00 3.465105909343143906e+35 7.233318671808327549e-01
7.873171018381594221e+133 3.033804370148873790e+35 4.956189294580654048e-01
0.000000000000000000e+00 3.201341122105885885e+35 4.179723266102863821e-01
0.000000000000000000e+00 3.179565159778752608e+35 2.935922188916691988e-01
8.765072498295657299e-71 3.088507269089000152e+35 4.982599996498221495e-01
2.854358288400422797e+21 2.969850465999995830e+35 4.451498883097959047e-01
3.815911764587411643e-248 3.134392764699238783e+35 4.602444764220740558e-01
1.488007702303422753e-106 3.155726901490888543e+35 5.752275011467333776e-01
3.589041970774309048e+24 2.963930933877340350e+35 4.766999123162875551e-01
1.719839119382646013e-77 3.096312846087290797e+35 6.522166206991459880e-01
5.461456570344947095e-143 2.749941823509848725e+35 4.828163857178510709e-01
0.000000000000000000e+00 3.279434831121112944e+35 2.772960876934297270e-01
0.000000000000000000e+00 3.188383906354442791e+35 3.621841007895145736e-01
1.955673433740592421e-10 2.893490503973661778e+35 3.889821489107156416e-01
2.861402131242220158e-72 3.088575903476711264e+35 6.475736913414652518e-01
1.214415915490884852e-269 2.676634284571384705e+35 4.605838307594977699e-01
5.461594876759416184e-115 3.075286616783078638e+35 4.840617225330065554e-01
1.891013969476649750e+15 2.910816180594474070e+35 4.622326248463532461e-01
1.101138061980741355e-42 2.756755796501902265e+35 3.865439978917294406e-01
0.000000000000000000e+00 3.332336446834915102e+35 4.356951898249223909e-01
2.568922758968410553e-133 2.923803867581535760e+35 3.262298456841407068e-01
2.529406643432672745e-264 3.075718731710419888e+35 4.091656614212037524e-01
4.099295849723910376e-53 3.024184723862376202e+35 6.089782725059984525e-01
0.000000000000000000e+00 2.706403467037217037e+35 6.529862720787822372e-01
1.343536718464173306e-08 2.826930783786176892e+35 4.201427548195571515e-01
0.000000000000000000e+00 2.955691051517394755e+35 2.201391656233037952e-01
6.925899206798740541e-19 2.873398561562932432e+35 4.960870661284561001e-01
2.781799334268440253e-99 3.117593607628951771e+35 6.535412581890922556e-01
5.285049447888607478e-26 2.984469760441810200e+35 5.658486103980043813e-01
1.305991965147198548e-30 2.926543116022081111e+35 4.127211905456060204e-01
8.220325613748899695e-127 3.025268078167716615e+35 4.311656769432543612e-01
0.000000000000000000e+00 3.101116215849121843e+35 3.179630994268156652e-01
9.561292801527444130e-203 2.582080787936987022e+35 2.476894553458122705e-01
0.000000000000000000e+00 3.105637518480445559e+35 3.551401546583470847e-01
1.467359873814088820e-183 3.090039390707939455e+35 4.660079277158331590e-01
1.882077793816663104e-09 2.937027834583186173e+35 4.588395871309499108e-01
8.585993283614293667e-67 2.695628815999891077e+35 2.879780854996365491e-01
2.632793409736172113e-30 2.937233216610165811e+35 4.235870571966380282e-01
1.883216837098107073e-42 2.805456210030616108e+35 4.563923458020435198e-01
2.372958996362915575e-30 3.008156195245970075e+35 5.089269884383743614e-01
4.662538941259283657e-70 2.785262160356077641e+35 4.610032080930777099e-01
1.347860643683777680e-130 3.048909909923249185e+35 4.541192449035530432e-01
9.407087222588301349e-54 2.995925336911992614e+35 6.031431650117686782e-01
2.114258069731663782e-142 2.683687641504162704e+35 3.852118382714372347e-01
2.485446720750699057e-93 2.920028976312312520e+35 5.937496019426130589e-01
2.669369000435023086e-68 3.071090902925785090e+35 5.403233115466506975e-01
0.000000000000000000e+00 2.541604306847142379e+35 4.300387445280330345e-01
1.504747337185011634e-124 3.032249401593688996e+35 4.401441309894759679e-01
0.000000000000000000e+00 3.197541712360477102e+35 4.988452074754273768e-01
0.000000000000000000e+00 3.277789802096238668e+35 4.199675416317285581e-01
0.000000000000000000e+00 2.590094991586308865e+35 4.262108185734420629e-01
0.000000000000000000e+00 3.222730646081509955e+35 4.016886455917933474e-01
6.222554268696706310e-04 2.936954863463165421e+35 4.801252425282028780e-01
0.000000000000000000e+00 3.235346313366085582e+35 4.131298649127176370e-01
1.100380531633017238e-93 2.856907470663682784e+35 5.482941537403712706e-01
4.078379911920561169e-85 2.925848912893033920e+35 3.609276107382413668e-01
1.378322462999532083e-127 2.944604049359946198e+35 3.494991477045844563e-01
5.721037435853007169e-15 2.906247297129188237e+35 5.153868597172829302e-01
1.330347111620665807e-22 2.995575306658938243e+35 5.076832523798491259e-01
7.226215702123210235e-25 2.919268045589123594e+35 5.374924688272586515e-01
8.597137490154362866e-318 2.847653283050508503e+35 6.359285679885644527e-01
5.292664260233164437e-132 2.999446816607199041e+35 6.568395580422785596e-01
5.202507406516945341e-108 3.040993555107970163e+35 4.616134185376843391e-01
8.978097349864202402e-49 2.745859139377616016e+35 3.781407442188741697e-01
0.000000000000000000e+00 3.126917413669007233e+35 4.256568356036603551e-01
7.364766360401009089e-30 2.802406182350798106e+35 4.353219943212998100e-01
6.098069287722149929e-301 2.760368210932305893e+35 5.574640873774543426e-01
4.356331520846790483e-99 3.066052266216891170e+35 4.982012433921045869e-01
3.626686830052365876e-03 2.870771885309592906e+35 4.161576522321616123e-01
6.628421599224682201e-181 3.141428023646935809e+35 5.272047039326788198e-01
8.605878398619987240e-71 2.821829026898677616e+35 5.008493201012375051e-01
2.124130005804405556e-30 2.782837386749901207e+35 4.072064572712488784e-01
1.706404215152010558e-69 2.917874948286170722e+35 3.659371270910853902e-01
0.000000000000000000e+00 2.753596007734633213e+35 6.640861483634924456e-01
1.850389509718646287e-41 2.958830001436363581e+35 4.323655178466400129e-01
1.178981791237135844e-139 2.740528034328215575e+35 1.725739292903735178e-01
0.000000000000000000e+00 2.580082284589009485e+35 5.158117095195502433e-01
9.626168811516563585e-158 2.936335714168798023e+35 3.235630840679464271e-01
1.059256386929844797e-160 3.115260468144779579e+35 5.094491407428305418e-01
5.068332796628775121e-189 2.706454893728832844e+35 4.488045938299061732e-01
9.998510367852120103e-100 2.775762810020373256e+35 4.741585575340052650e-01
0.000000000000000000e+00 3.104402089123456783e+35 2.664268167132373133e-01
4.420202616935828277e-01 2.919471981106563775e+35 4.745943904232900468e-01
2.715758914183904506e-107 3.022569114925549967e+35 4.416545559973689139e-01
7.170686966053323750e-39 2.991774599332917557e+35 5.863505047505610523e-01
1.237634567348230350e-18 2.881861844169036489e+35 5.033234780848256928e-01
7.127829724588342889e-60 3.062147356624205214e+35 5.390537867356232082e-01
7.059227089585462134e-192 3.194313662936033440e+35 5.893375335217413413e-01
2.157795274656847291e-03 2.895156846172609322e+35 4.838601840278102806e-01
2.026733680151045137e-36 2.853402916311532931e+35 5.001467555075688187e-01
2.404988752787594291e-123 3.092266384585731082e+35 5.094171368258190169e-01
5.496315662326501434e-126 2.979130575763415180e+35 3.840460686435810400e-01
5.332273225104839403e-194 3.072271378202361158e+35 4.406004621285912193e-01
7.656309004321364319e-142 2.702927331871498589e+35 4.135056762499336180e-01
1.671306198119768962e-262 2.653612967671237923e+35 4.198540079274218351e-01
0.000000000000000000e+00 2.693751210376464956e+35 5.486806121069882636e-01
3.042619811553502155e-187 3.196163964031304139e+35 5.965592947562784465e-01
1.075415634200211912e+00 2.862612793743561322e+35 4.295342447882610215e-01
5.014616986088189063e-12 2.883252981324308852e+35 4.939761977369407919e-01
8.568836540144764852e-56 2.992318497508529711e+35 6.041393674368709110e-01
0.000000000000000000e+00 3.193575804098730017e+35 2.809119648994259366e-01
2.944098701033237327e-121 2.839759775739455019e+35 5.503846567417127744e-01
2.577046408707941974e-320 2.782263989166971431e+35 5.843082621247259745e-01
0.000000000000000000e+00 2.551164480413252975e+35 3.828162240546804651e-01
0.000000000000000000e+00 2.509729899586874288e+35 4.413356029159763994e-01
2.932013808376584989e-32 3.018934450481235836e+35 5.761932370583080498e-01
3.873091122813237514e-243 2.668833709635032718e+35 4.301871486556685942e-01
0.000000000000000000e+00 3.273666137178319705e+35 5.239792455054542719e-01
0.000000000000000000e+00 3.210603485164500272e+35 4.170184528013057834e-01
1.665856922424811136e-39 2.953565385016541462e+35 4.287478194136892795e-01
2.050549122759066917e-05 2.868226873791269932e+35 4.059693886455960632e-01
4.786688572129283454e-303 2.644337622869810631e+35 4.275336831867652121e-01
6.399219286749841485e-308 2.756943443232958340e+35 5.568652536504185013e-01
2.004888212856219387e-148 2.671991126924377034e+35 3.720136894616198342e-01
1.904998338987959236e-37 2.747138910169038361e+35 3.503466816693072694e-01
0.000000000000000000e+00 3.175768666905143436e+35 2.921730139471280241e-01
0.000000000000000000e+00 2.676764342280247196e+35 4.937414809283127148e-01
7.350809061955623128e-145 2.990700653059370529e+35 3.839912033621504239e-01
1.580356971302825770e-178 2.981239955692462109e+35 3.554722761814723686e-01
0.000000000000000000e+00 3.131243760387192870e+35 4.282571477565718654e-01
1.666018705276046317e-316 2.698916657975901929e+35 5.003010263468603558e-01
1.118596117803755066e-25 2.956293333834989290e+35 4.494452551784419159e-01
0.000000000000000000e+00 3.142757988924840727e+35 3.719863528767316518e-01
0.000000000000000000e+00 3.024749228161338933e+35 3.259877630828334483e-01
7.316295242872757171e-59 2.775084979638491572e+35 2.688799875748011381e-01
0.000000000000000000e+00 3.049894940769484534e+35 3.256319792879176500e-01
9.362511344205945430e-295 3.030319971507110961e+35 3.491058201954942430e-01
4.337824902664398645e-32 2.827990794394136604e+35 4.697502798839996441e-01
8.709161869134226068e-101 2.831637845289658090e+35 5.312532128004712195e-01
0.000000000000000000e+00 2.623307368449688220e+35 5.285179363821819187e-01
1.497435384489972433e-06 2.848555562763054900e+35 3.926446323912718417e-01
4.447662647206506684e-18 2.787271584164934957e+35 3.617982886296630118e-01
2.580426160465731946e-51 2.905600033147017806e+35 3.707064779474357752e-01
2.831420290015851036e-82 2.709103509597298827e+35 3.646743059742356130e-01
1.002151071640479312e-105 2.907021078622039854e+35 3.284784019192306115e-01
6.595923096108465862e-25 2.777430207056004421e+35 3.827629593424688448e-01
6.001621542514269138e-03 2.869693215274530938e+35 4.595626225412278720e-01
0.000000000000000000e+00 3.146494497209972542e+35 4.441789980090215528e-01
6.474185826857051891e-18 2.984722221070681020e+35 5.020524023395596114e-01
0.000000000000000000e+00 2.872100340307246451e+35 1.734772361370973126e-01
1.260392988624243211e-53 3.037254180565705441e+35 5.107125771584051233e-01
2.559981496183963356e-85 3.066202168157239268e+35 5.113895219587045737e-01
1.544023536586112610e-25 2.782233285803967752e+35 3.284774225877331588e-01
0.000000000000000000e+00 2.491057050028883319e+35 3.375632570660804799e-01
5.675491585408898034e-133 3.006397855909281199e+35 4.072565758197113639e-01
1.375575421110956718e-27 3.006443638835818051e+35 5.119790387911047347e-01
0.000000000000000000e+00 3.122413368008343803e+35 3.144669942378381933e-01
1.280491968155589835e-279 2.524470346409777948e+35 1.910461201810713938e-01
0.000000000000000000e+00 2.579935657798089523e+35 3.899527124745859052e-01
0.000000000000000000e+00 3.210257865282641374e+35 4.757797042553965627e-01
1.476829653068329474e-206 3.023391102755287797e+35 3.831112952511411818e-01
2.891174143132550914e-109 2.790379197371595495e+35 4.967910721796331974e-01
0.000000000000000000e+00 2.737221343132489225e+35 6.082091125344962768e-01
1.886086753700398928e-11 2.974682500235637654e+35 5.129969961895654018e-01
5.294202006127618819e-84 2.741000600845671110e+35 4.175666836609188692e-01
0.000000000000000000e+00 2.603536197760022964e+35 4.384497802106940290e-01
3.750370360929208254e-186 2.669255542776123306e+35 3.966084825196314334e-01
8.095798210002772787e-139 2.942871643072461184e+35 6.318340844982249793e-01
1.037388143403065969e-298 3.061711653247939644e+35 3.793060849940422807e-01
2.033549947357926033e-20 2.780790333635793494e+35 3.640127585409729805e-01
3.219435547903380881e-108 2.814788890353741805e+35 5.203499982415683567e-01
3.216705500962465644e-64 2.842867415892031679e+35 5.157802483022499995e-01
3.113837729401393853e-51 2.724859636368273725e+35 2.799944252099787478e-01
8.548111389650086124e-245 2.946572744407311395e+35 2.884525493259787465e-01
1.299956234053093344e-222 2.989225822983862468e+35 3.408310836968823088e-01
1.050507585084588840e-276 3.243432763465202698e+35 5.938451849623831436e-01
0.000000000000000000e+00 3.017053923663528450e+35 3.137904251208848416e-01
8.047874682140038505e-316 3.183443609868191642e+35 5.007259000671122617e-01
8.892172235705243033e-279 2.788039107634342805e+35 5.748256162189522289e-01
7.546284036710460084e-70 2.797309023124066630e+35 2.693265109460071804e-01
0.000000000000000000e+00 3.221122620616932951e+35 5.300800376246305179e-01
1.143081952240462586e-250 2.718836416466525640e+35 4.947758702340920856e-01
3.980443375263901405e-121 2.958081505763645263e+35 3.664262874828944638e-01
6.015739543724877514e-117 2.841211685419239991e+35 2.635958727436938931e-01
6.089743986206793496e-177 2.699006515306885743e+35 4.321384636156635484e-01
0.000000000000000000e+00 2.534256407742258311e+35 4.085274110126265179e-01
1.377920776561871524e-26 2.947698639218631671e+35 4.388579007421764544e-01
2.694306441392749664e-25 2.773879028121292338e+35 3.751852726151568285e-01
7.181201668705168982e-06 2.834427690079929104e+35 4.217958853028919708e-01
4.785631384211591280e-15 2.891880554389859651e+35 4.030611595303326133e-01
0.000000000000000000e+00 2.791081969074359803e+35 6.005633784410947529e-01
3.617726984544881463e-34 2.757372347036355042e+35 3.667827794126700680e-01
5.418858172738359330e-203 2.727240960611587505e+35 4.814654666231272251e-01
1.066047449822296197e-259 3.012558544009484118e+35 3.466909895392994434e-01
3.445400171616855205e-73 2.771283869038271760e+35 2.505280712254711051e-01
5.132126563844817057e-31 2.779250932559772578e+35 4.031368381456026384e-01
0.000000000000000000e+00 3.470149439963570060e+35 3.079205926400830906e-01
3.539379824356883872e-58 3.067339841448643128e+35 5.521850665798726521e-01
1.435240548714498520e-77 2.702085350116300248e+35 3.434423633004191068e-01
9.769502884623870726e-269 2.731318217253050195e+35 5.161002497377968901e-01
1.343952819370298449e-234 2.773763196064434807e+35 5.445008907522460584e-01
0.000000000000000000e+00 2.669482202470590655e+35 4.893095350870108051e-01
5.204891331299091856e-132 2.691856951696780325e+35 3.892835924434174255e-01
4.440199441434746456e-46 3.056275867492864712e+35 5.653743613695169090e-01
3.473841561025954121e-48 2.995935608201915665e+35 4.651882833730897615e-01
1.768897550001408927e-19 2.913520605762362582e+35 5.272870413101230502e-01
3.987023293924748569e-59 2.741393847959729720e+35 2.573862466614249556e-01
5.476050750734970557e-77 2.959017867421211277e+35 6.059483661886531092e-01
0.000000000000000000e+00 3.112989553163512911e+35 3.895851586338380246e-01
0.000000000000000000e+00 2.681341464532194305e+35 5.602484475714976098e-01
3.098984618030247061e-111 3.141637846702809313e+35 5.989576496389033000e-01
2.796357088372640195e-196 3.193739695974249364e+35 5.846393398369402750e-01
0.000000000000000000e+00 2.491465902080538036e+35 5.496958346941976936e-01
9.228926244098924861e-220 3.035854613522044046e+35 3.891901282572258758e-01
4.083070958087528438e-185 2.600745905282691069e+35 2.714049918593380295e-01
1.169255197664246058e-257 2.753309096040543835e+35 5.340787232158894504e-01
6.954836097570141305e-31 2.760907394938323383e+35 3.633010787788791274e-01
3.323814508797949369e-157 2.744991626468535791e+35 4.767844840344528934e-01
4.709409446927782802e-188 2.775371676431618092e+35 5.252971428628490091e-01
8.377120756580223926e+00 2.875060963809188121e+35 4.389844138435766707e-01
2.471937219627123657e-74 3.099445132743158206e+35 5.906468683701073807e-01
9.802174667478120822e-04 2.910992313911875768e+35 4.489232143371654216e-01
1.172660264594691506e-127 2.997632897127648197e+35 4.022602624478677225e-01
2.513935035413094600e-71 3.058620994418801759e+35 5.182045138360605874e-01
0.000000000000000000e+00 2.618546948321502021e+35 5.160286289037588903e-01
2.865580745879229956e-322 2.747873737946931097e+35 5.529896291645489681e-01
0.000000000000000000e+00 2.529530046355031234e+35 4.525244006489910764e-01
3.210326556441038923e-169 2.729496731901198252e+35 4.651777148318511079e-01
0.000000000000000000e+00 3.135223198522211442e+35 2.600338118848879443e-01
1.568543303686102294e-280 2.716244533696993216e+35 5.044347577968564256e-01
0.000000000000000000e+00 2.808434191431358198e+35 6.507344313631593380e-01
0.000000000000000000e+00 2.733540128200532093e+35 5.488201400112188155e-01
7.540323628063124610e-67 2.823861220691448731e+35 2.911009893198571730e-01
3.387645956570839417e-45 2.927500395994308686e+35 5.631375715535307247e-01
1.315068479279594760e-198 2.725502009620879720e+35 4.767178399560620394e-01
2.530391220209211076e-115 3.093165920391643922e+35 5.182314312664222378e-01
3.155744129830973203e-137 2.933520371933454171e+35 3.333465850752722615e-01
2.104548465671996639e-126 3.092955067371563429e+35 5.085530576247557777e-01
2.920713305269359293e-198 2.985819029694402440e+35 3.500989356612464465e-01
4.392826411450010718e-47 3.033537406399021804e+35 5.170226563878963510e-01
3.010675680575729760e-23 2.798145197704759901e+35 3.367126316671767428e-01
1.772407270099405957e-06 2.879383740324851541e+35 4.130207017157810911e-01
2.945176422922801840e-112 2.925870697122891212e+35 6.078146117781444424e-01
0.000000000000000000e+00 2.712341203763679159e+35 5.512130876068661589e-01
7.285952573673518816e-241 3.058389788218248835e+35 4.025244800558302471e-01
5.918331094311984799e-72 2.970724436644998820e+35 4.156410150705855400e-01
5.535032266691459084e-23 2.900197686028562175e+35 3.993458954580877407e-01
2.718051234050167711e-145 2.619779958361350353e+35 2.591587883245078938e-01
3.736727885466371481e-44 2.878472048241590368e+35 3.554754698272657443e-01
2.874504491850282215e-24 2.937250853823113432e+35 4.326267101965292072e-01
1.686354632339668919e-74 2.846802480796136583e+35 5.263929816303060116e-01
1.757205751131405942e-16 2.959461244822301687e+35 4.711409315391956176e-01
9.991745753076289136e-287 3.150803828114274955e+35 4.789041299317254308e-01
0.000000000000000000e+00 2.747554536909933150e+35 5.786977198744845952e-01
2.998257702065909786e-69 3.090201189564673940e+35 6.131463063543410863e-01
1.706524132733247532e-212 2.876668401964414378e+35 6.202225268374573774e-01
1.526332059018783263e-85 2.841461378216547884e+35 5.294596860986113818e-01
2.436213408224966681e+00 2.895898963751100669e+35 4.615460933684465417e-01
7.326201034376284211e-07 2.848843884218133500e+35 4.438623971045044247e-01
0.000000000000000000e+00 2.775571081866077587e+35 5.833289505962440114e-01
1.345132255748817730e-112 2.934128507390730813e+35 6.127737852305761290e-01
1.840461772196708672e-18 2.968724873609731627e+35 5.472242142493062289e-01
0.000000000000000000e+00 2.998442190924879480e+35 2.955939763885024885e-01
0.000000000000000000e+00 2.706361882197535116e+35 5.794069233849828970e-01
0.000000000000000000e+00 2.771015884974044030e+35 6.028115986932357506e-01
1.217412455328540495e-31 2.814722260420855403e+35 4.522070411719586458e-01
0.000000000000000000e+00 3.287997604427111389e+35 5.369997199757990947e-01
3.104891326441469445e-107 2.949308486547355536e+35 6.185189047511192584e-01
1.261826209748053591e-147 3.187549627490324307e+35 6.616907145349768538e-01
1.067041727780749857e-187 2.648889843358253147e+35 3.652121078349405137e-01
0.000000000000000000e+00 3.357554742560652503e+35 4.356116470861513545e-01
3.870192309955928361e-02 2.903866749983825542e+35 4.790218524363910602e-01
3.106710643872916986e-234 2.695771167851445279e+35 4.593667275139285411e-01
3.854887913798825211e-318 2.676406423096945442e+35 4.744037724038608905e-01
1.239995202349559002e-272 2.653876934040344812e+35 4.247666048044820286e-01
9.386472475924733173e-284 3.304497736435763289e+35 7.282562343964045226e-01
4.393207404525775164e-125 2.776401957622571650e+35 4.913465182334987302e-01
3.795368692309683444e-31 2.822606530112719618e+35 3.321591569092050555e-01
0.000000000000000000e+00 2.625636893202839337e+35 4.572468485003408079e-01
2.523996950723742322e-295 2.684743843639760721e+35 4.746100764431834262e-01
0.000000000000000000e+00 2.338080437908126216e+35 6.421519110258466778e-01
0.000000000000000000e+00 3.047197406674033252e+35 3.057253615359178944e-01
1.007884472860427297e-256 3.111065042120971999e+35 4.504866153804756301e-01
4.082121186550555046e-07 2.850183015392124402e+35 4.465415365028747030e-01
2.099030353645681937e-203 2.693346544884778104e+35 4.397704393498144126e-01
0.000000000000000000e+00 2.851335895413791682e+35 6.635346809899089759e-01
9.337627209804821935e-41 2.969218592348867207e+35 5.794856190487067682e-01
0.000000000000000000e+00 3.120904617320833194e+35 3.425795424270692280e-01
1.965880381477565907e-18 2.884429049533070025e+35 3.935158499568413570e-01
1.533421068205846253e-29 2.762460888526009142e+35 3.506085103179550355e-01
3.745917236402197820e-251 2.682804822093483099e+35 4.517301387735915830e-01
3.871262573210369488e-239 3.240991658618384117e+35 6.203193756546570015e-01
9.373395448911923733e-209 2.802096001550620364e+35 5.591796829507081901e-01
8.151974243415515527e-31 2.793038912279704254e+35 4.220657736980453212e-01
6.141269986399526150e-51 2.915077252643777464e+35 5.600895246724185705e-01
0.000000000000000000e+00 3.219826115324450525e+35 5.096094430817494914e-01
0.000000000000000000e+00 2.990080586244679297e+35 2.875852986198267347e-01
9.155070144822885660e-06 2.904039292275337784e+35 4.364903242059035571e-01
4.505269790402260686e-267 2.661580428318608552e+35 4.322782267026265002e-01
2.123080423968545687e-115 3.046216314026254204e+35 6.639777433697127140e-01
8.531113689967586863e-52 3.007005889413182348e+35 4.755771558762746376e-01
1.172956742378015113e-79 3.060564026432669602e+35 5.114835998078375301e-01
0.000000000000000000e+00 3.238601545367532237e+35 3.919236306989764551e-01
1.100895234907829190e-123 3.053084725543305615e+35 4.642731807585160353e-01
7.734511575585662092e-43 3.024823343099583511e+35 5.119035431583127682e-01
3.916963590862574508e-103 3.005006500013921776e+35 6.426065433903096480e-01
8.964244104272785852e-287 3.107683694200639719e+35 4.328185349914851487e-01
1.849467291927655364e-112 2.970771510525367274e+35 3.854855996116878791e-01
2.435002764723671751e-282 3.060688263956874158e+35 3.859638784647717036e-01
0.000000000000000000e+00 2.638709923069975027e+35 5.227474143616339664e-01
1.791868065239499173e-288 3.011455390051101517e+35 3.334093337520462885e-01
1.008346964745732233e-29 2.767845264269251115e+35 3.722988443025731509e-01
4.338431294013844020e-305 2.664281956510004572e+35 4.538588458946605231e-01
1.384160381741447357e-37 2.952865557658135626e+35 4.317841145848319018e-01
2.603959473851726546e-138 2.694334924080707752e+35 3.972347701291686350e-01
1.019940170948886234e-213 3.112564629871488277e+35 4.743221743419460679e-01
0.000000000000000000e+00 2.640070492727985487e+35 4.920427306125039757e-01
2.478200539386977981e-106 3.104577100179137487e+35 5.429447297274482276e-01
1.563204405663428691e-135 3.169742631918289772e+35 6.686490146948965707e-01
0.000000000000000000e+00 2.602933206290353370e+35 4.161566956425436503e-01
2.391169294272929074e-247 2.717849486504261701e+35 4.915770732153798006e-01
3.408172725547763165e-101 3.116959569520364241e+35 5.690546066302895056e-01
0.000000000000000000e+00 2.380592503289844898e+35 5.845439566257004671e-01
0.000000000000000000e+00 3.255560955225665349e+35 4.815814197864000112e-01
4.400535184194053992e-226 2.761842633667006854e+35 5.286759035304582355e-01
2.949591598789316069e-66 3.052289360173979417e+35 5.163360418444167266e-01
0.000000000000000000e+00 3.351629563485892911e+35 2.808960702122081932e-01
3.936397525983894793e-03 2.856931755219979549e+35 4.175015017796805394e-01
6.870245373258535253e-188 3.101081261862918401e+35 4.763009874900137608e-01
3.617203107183205439e-168 2.975641413787613496e+35 3.563335456105332089e-01
1.066985042926222777e-164 2.797596017593861386e+35 5.346970582934031935e-01
2.401335044342890064e-54 2.821513601244442292e+35 3.024826885692556977e-01
7.885187443291400445e-163 2.637392693791199814e+35 3.229942656903889153e-01
2.739715810089897963e-69 2.744692378604479756e+35 4.054468342933570391e-01
3.196128350597808440e-47 2.921519619695105048e+35 3.905545687344214034e-01
2.175290127734355870e-273 2.554278681794761775e+35 2.567447312174604424e-01
2.305550396503432912e-03 2.862504722119665764e+35 4.162363830195986436e-01
1.060530869879468953e-25 2.779735462290139470e+35 3.862654805691206339e-01
1.014080635352252274e-177 2.759239370515568614e+35 5.029993598432632718e-01
1.613857726453104545e-50 2.723181979701142191e+35 3.192298620369565243e-01
1.549400950358872414e-59 2.931606207504497960e+35 5.772684591246672881e-01
0.000000000000000000e+00 2.543277536351571780e+35 3.785152427186953550e-01
0.000000000000000000e+00 2.954633482461499757e+35 7.602335784731818480e-01
2.204991879936176758e-189 3.087225084636535235e+35 4.601105841386314288e-01
0.000000000000000000e+00 3.386072659762262411e+35 4.320093699460764158e-01
0.000000000000000000e+00 3.242125306061173790e+35 4.797183475618305715e-01
1.457308949250076657e-25 3.009054659243976704e+35 5.559990568381162346e-01
2.878963636949931695e-02 2.913438575518405670e+35 4.835069820372596694e-01
0.000000000000000000e+00 2.715499753866217886e+35 5.727526597015988319e-01
6.538631409505187367e-307 3.001765639565553898e+35 3.158496190606081555e-01
6.163200598006080593e-48 2.916673616998779104e+35 5.585363629352451120e-01
4.384880313836818469e-17 2.937444512413918005e+35 4.450857893160053980e-01
4.700967274463799870e-29 2.930558665720911666e+35 4.198643572977437399e-01
1.849737099856348610e-86 3.051094959874949843e+35 4.924624746141923470e-01
4.754872588270281932e-98 3.089650965693815596e+35 5.308439649339599109e-01
9.685454708392809446e-135 3.051738013902205375e+35 4.550826163020214588e-01
0.000000000000000000e+00 2.514528882675658279e+35 4.082387147808227978e-01
0.000000000000000000e+00 3.266641573597177992e+35 4.849501946066295255e-01
2.822406442296053618e-25 2.995925076969689645e+35 5.624683216377225348e-01
6.145378821837769159e-85 2.802018793174513076e+35 4.909295536965160300e-01
0.000000000000000000e+00 3.151522069837809605e+35 3.596796632390666382e-01
6.645515408099552083e-268 3.141697097734418603e+35 4.782279710682189044e-01
0.000000000000000000e+00 2.541868344641014100e+35 5.002326320152841177e-01
0.000000000000000000e+00 2.583501087610215530e+35 4.207247047389632844e-01
1.866732003093780931e-63 2.968634047822767327e+35 5.998210529727742157e-01
7.179415281540896116e-87 2.709294811253162622e+35 3.694468596920079673e-01
0.000000000000000000e+00 2.383713198936857205e+35 4.571061437851626219e-01
5.992029852246292032e-30 2.829695179659280413e+35 4.671177565016053079e-01
2.403492225524693024e-50 2.927914626570916763e+35 3.934478795292127296e-01
3.574802084530214955e-10 2.859558357004376614e+35 4.657847241431080643e-01
3.626385541560022611e-05 2.926159335155272746e+35 4.623982418230644931e-01
2.588360058405064503e-75 3.096958024561258624e+35 5.797462804366227962e-01
1.761028960283120899e-32 3.027756312155168128e+35 5.507828347820749038e-01
0.000000000000000000e+00 2.575825686082895993e+35 3.623415837313299637e-01
1.376746955283625622e-04 2.935975599836596922e+35 4.808869729195227039e-01
1.686170480413996101e-71 2.893653119576274913e+35 3.433133668808878713e-01
1.388883639120926751e-128 2.748644501635759227e+35 4.622933807629520664e-01
6.292425471096331072e-129 3.000289810589112520e+35 4.044072533798780955e-01
0.000000000000000000e+00 2.639593740275085093e+35 4.649287557971606422e-01
4.713528474818429351e-13 2.971610612228036997e+35 5.301475327457312314e-01
2.059664690799277717e-156 2.791850332810645840e+35 5.249678581487060569e-01
1.047499310879688835e-89 2.891485019637599474e+35 3.270035010320392344e-01
1.096950780792472941e-63 2.998053811681989124e+35 4.525125348416285109e-01
1.351998448610651169e-68 3.033862200447728350e+35 4.893755229009995045e-01
4.802607782649826759e-74 3.001645399973288975e+35 4.467953818835246338e-01
0.000000000000000000e+00 2.771976079480748469e+35 5.991835256391323528e-01
5.972972243063236254e-25 2.981210114341516806e+35 5.617763386519394331e-01
0.000000000000000000e+00 3.181488379189196907e+35 4.229579731668207110e-01
1.143587790111536446e-10 2.832117191874086511e+35 3.786596948225056103e-01
3.051747699192448909e-77 2.979949311902479933e+35 6.152076142274174320e-01
5.955680303692720897e-77 3.085794204526939124e+35 5.526497983163117800e-01
1.886226612652406309e-304 2.753055049288205970e+35 5.514076523610567104e-01
2.044056452977212376e-136 2.987182294607726492e+35 3.863956675935269480e-01
3.059774835464964495e-26 2.817208429624428031e+35 4.470602541734863822e-01
3.209986601323791209e-11 2.829119377641372958e+35 3.762927699093663314e-01
1.443641219984414755e-04 2.906900022690375822e+35 4.430984034842401775e-01
3.174929420484054324e-10 2.842508108747060977e+35 3.830372626338259257e-01
7.865182854368963224e-133 2.973043425029573391e+35 3.745295338636237537e-01
0.000000000000000000e+00 3.532908447004557084e+35 3.588127244641133862e-01
1.472468288806675789e-64 2.817266305226473128e+35 4.903374559539193100e-01
6.008628382050985319e-05 2.883538090050597936e+35 4.217282320850658794e-01
0.000000000000000000e+00 2.948020599633614945e+35 7.598030037157783578e-01
6.634551766703290776e-02 2.896499442551348327e+35 4.447812069899677589e-01
0.000000000000000000e+00 3.106978181252763545e+35 4.105189680638912098e-01
8.642163503264626386e-153 2.717189088400482424e+35 4.394861195951619837e-01
2.414169968358493574e-105 2.805568420469478724e+35 5.087734727172399385e-01
2.066169076311828472e-195 2.757624527402664403e+35 5.101983609432210187e-01
1.011626009383563421e-80 2.911149672201419945e+35 3.515114859821405480e-01
1.987863632992515432e-48 2.754739993592184686e+35 3.918025464338211195e-01
3.212166977408377755e-01 2.872479905045790177e+35 4.406903986674102769e-01
0.000000000000000000e+00 3.117906838216505994e+35 2.184728302679129763e-01
2.748769772541714814e-186 3.124152525654030968e+35 5.036217696981695191e-01
1.894301800433161708e-277 2.702157628498009401e+35 4.871786654843234254e-01
9.110573970710354622e-186 2.911156580191206786e+35 6.326644269555705691e-01
0.000000000000000000e+00 3.055706710744296538e+35 3.527724258488997844e-01
1.971760031916934357e-71 3.096134226936266186e+35 6.016629928607013511e-01
2.235529396754588933e-17 2.905208606485510656e+35 5.169050909763655000e-01
0.000000000000000000e+00 3.291285930954419898e+35 4.002119919551223037e-01
8.327166652774540861e-09 2.960152448179548621e+35 5.074216019563382307e-01
0.000000000000000000e+00 3.130826165044632298e+35 3.030250195128758595e-01
9.165401181554561417e-269 3.181436675762292042e+35 5.225218658747949885e-01
0.000000000000000000e+00 3.087197899502149799e+35 2.773437474098138233e-01
0.000000000000000000e+00 3.075469600142056414e+35 3.801305942494811463e-01
1.398879769369194743e-23 2.850580794638083039e+35 4.802030487914150658e-01
1.133329078339493939e-72 3.077699753055436900e+35 5.458290440825801504e-01
0.000000000000000000e+00 2.572048033073088213e+35 4.227983751844328619e-01
0.000000000000000000e+00 2.543647102540950871e+35 3.903569962041880670e-01
5.456967068562679951e-68 2.976271709687005209e+35 4.251429427287634066e-01
7.399517933749354604e-58 2.821211631635269998e+35 4.884665523351439109e-01
0.000000000000000000e+00 3.096526493414065451e+35 3.341895153670562668e-01
7.926526343275761114e-51 2.844927601624493550e+35 3.227039674625280519e-01
0.000000000000000000e+00 3.070545614113830875e+35 3.074922516916989146e-01
1.373983723759055817e-36 2.937436597353178801e+35 5.600937198776205772e-01
5.201579012189068823e-84 2.868016555508740713e+35 5.503959091480279398e-01
1.845252586260854824e-33 2.957153532055936933e+35 5.663218130752235568e-01
1.305240551493493640e-121 2.655367564326102156e+35 3.098135439193487883e-01
3.747235731185716429e-07 2.952584328158826098e+35 5.042726418433994828e-01
1.707217115019789715e-227 3.136821571511072769e+35 4.938541412532249097e-01
3.932610117186995978e-07 2.880723891067781201e+35 4.789038725092125692e-01
5.455232724088700595e-25 2.887897079211110419e+35 3.865993732587415521e-01
0.000000000000000000e+00 2.617724224459037961e+35 4.119706957471157560e-01
1.333855456123422676e-45 2.839867432629937371e+35 4.954231107098003295e-01
1.353932355906378465e-248 3.058810155022520751e+35 7.283175073266782151e-01
5.667770537636610920e-83 2.708750805820376343e+35 3.631638001690836726e-01
0.000000000000000000e+00 2.363985149892485853e+35 3.969956391632780690e-01
2.024746079751781401e-40 2.864169036017537173e+35 3.485319799121860407e-01
1.321525377264262475e-87 2.824095397415171718e+35 5.147583481120168170e-01
3.929205103536123519e-105 2.933997989535207615e+35 6.085744726784583225e-01
3.968610800757334757e-154 2.774653705159132372e+35 5.065357771051496316e-01
0.000000000000000000e+00 3.275408923802568110e+35 4.936570025192734690e-01
3.911062752011165885e-218 2.889421810601615083e+35 6.310508121992941533e-01
7.172450635610266291e-178 2.715644933144168562e+35 4.531988464104906300e-01
4.377357551092248143e-285 3.049112551862618420e+35 3.729206986097906573e-01
7.900917716507004853e-41 2.739391002644503761e+35 3.164654180325014998e-01
1.002462298011264927e-291 3.102831294315817372e+35 4.254928246051359331e-01
1.690552771430929232e-297 2.917814817495460956e+35 6.761885865124899198e-01
7.693894288034585628e-31 2.960306272546058484e+35 4.483497688420475247e-01
7.381369511959007799e-161 2.652111763452409298e+35 3.482714041713352304e-01
1.673990883925864295e-87 3.118522436993950174e+35 6.135528559698989470e-01
1.002348365043292711e-19 2.943763795090330833e+35 4.472540455970022144e-01
1.978688074019612925e-98 3.016349043903804285e+35 4.426006500900604990e-01
0.000000000000000000e+00 2.609242209306733374e+35 4.145861048553560746e-01
4.554944433011464100e-260 2.734165792982401426e+35 5.149199464929857806e-01
1.113911012986338559e-20 2.847010006319689257e+35 3.630499362830710286e-01
1.095662093827749488e-46 2.871788908140787373e+35 5.248099188452992614e-01
0.000000000000000000e+00 2.839004646497546636e+35 7.184619685375458475e-01
7.331780242324968071e-34 2.966968774205077228e+35 5.707828273698607457e-01
1.143688010919207279e-81 2.816027643176945870e+35 5.027016558789210166e-01
5.394442045337988261e-305 2.970065016653994551e+35 2.852098483026621611e-01
2.965620453870822190e-31 2.815482896604061193e+35 3.282229652572070666e-01
0.000000000000000000e+00 2.680332400852333964e+35 5.486030714601817238e-01
0.000000000000000000e+00 2.589767510181150597e+35 4.759134349721764745e-01
8.913561105541450849e-143 2.991977013073871516e+35 3.873206715639547770e-01
3.689947688387683944e-63 2.740280790940820884e+35 2.528513979030757031e-01
4.615256172865263774e-303 3.132967168047083887e+35 4.522961638259083705e-01
7.569647866778394060e-16 2.962928649759477703e+35 4.781203869614297219e-01
4.124187451222074259e-56 3.072376019420355690e+35 5.857422188425114307e-01
5.683265094056813471e-95 2.978224555914504820e+35 4.053236125817977764e-01
1.541971079303344310e-49 2.785341292064780011e+35 4.387385619343180387e-01
2.486329421600182428e-190 3.129423351490090805e+35 5.072384825130380470e-01
0.000000000000000000e+00 2.622633021159666188e+35 4.522951464253869847e-01
3.502376702695763191e-42 2.788136301925469545e+35 2.990315839535976905e-01
5.549329644750881526e-08 2.871982484073503746e+35 4.049052531619693474e-01
0.000000000000000000e+00 2.496552684756397815e+35 4.516227649475760830e-01
2.607764655384312144e-98 2.874600091875623460e+35 3.059177328888714742e-01
5.080268458978314590e-156 3.070208493352032653e+35 4.615080399460290694e-01
1.373563181444349818e-18 2.961777392759047104e+35 4.703803561865745886e-01
4.248978354638067088e-30 2.929951571188532466e+35 4.179175354396025277e-01
0.000000000000000000e+00 3.203724683791543134e+35 4.651805302578895795e-01
2.034516583850845621e-12 2.865515956512535097e+35 4.765064827781920753e-01
0.000000000000000000e+00 2.590725625240636413e+35 3.623384517676739858e-01
3.070071035631014369e-02 2.916797914443480823e+35 4.835895800495304542e-01
7.944951776595654482e-178 2.804098835714354557e+35 5.470941698579938617e-01
