0.000000000000000000e+00 3.400000000000000115e+35 8.000000000000000444e-01
8.928790683789697647e-97 3.349785297438028362e+35 8.604916184425346337e-01
2.229687639269131965e-118 3.364991615750272865e+35 6.025962866639891224e-01
0.000000000000000000e+00 3.609341338632863001e+35 8.826312387348985711e-01
1.214513747748601688e+106 3.316466045751503465e+35 7.801569421417343664e-01
6.974317357804896669e-314 3.054455590910557470e+35 8.231964860362052105e-01
1.662053452713949237e+295 3.039613650015197438e+35 5.434689769578093799e-01
1.606745209934521367e-31 3.075252604132902277e+35 6.286037480642925335e-01
8.837514513043579287e+39 2.881216696485099200e+35 4.424695765111678614e-01
2.602513433482985076e-83 2.841230789469615501e+35 2.898265793573379101e-01
