0.000000000000000000e+00 3.400000000000000115e+35 8.000000000000000444e-01
0.000000000000000000e+00 3.000234675345939781e+35 8.730488518109835727e-01
2.595625201827386020e-26 3.228332955050372686e+35 8.343287758319715142e-01
0.000000000000000000e+00 3.668641180577313250e+35 6.666948817188624865e-01
4.883059891533213787e-98 3.458836198544860773e+35 7.498261617162914616e-01
1.309778520021157826e-158 3.496545408772928837e+35 7.787637537347245065e-01
4.326643755463772758e-164 3.384838696381889377e+35 8.775442461228186719e-01
0.000000000000000000e+00 3.611673618610395888e+35 6.362195583744202354e-01
3.687353177591827931e-135 3.482117738012280240e+35 7.668666169097428931e-01
3.026473503147657499e-55 3.409604321634104588e+35 6.917514236587366527e-01
