0.000000000000000000e+00 3.400000000000000115e+35 8.000000000000000444e-01
0.000000000000000000e+00 3.754116882494990250e+35 7.801069824918835938e-01
9.152759226148480569e-11 3.389187237093014944e+35 8.170331051964712099e-01
3.994523896353392682e-179 3.164159254719437559e+35 8.534711536558682310e-01
4.154872871970378308e+222 3.254459365696778135e+35 6.857123520419616813e-01
0.000000000000000000e+00 3.390285675185174294e+35 5.629014911895791062e-01
1.937037155780619179e+102 3.085860820836462675e+35 5.076804395492490185e-01
5.047640672143557702e+92 2.991762730855161881e+35 4.988422539563141522e-01
3.099445285298200821e-60 3.059980227563762187e+35 6.435670767455414776e-01
0.000000000000000000e+00 3.598431694684642503e+35 4.999493232074135873e-01
5.210020291926937084e-76 3.021640052652199221e+35 4.472635182891789851e-01
3.800815668079144949e-01 2.974624030919099878e+35 4.742567432094038637e-01
2.677570894196845215e+12 2.971533315589951981e+35 5.079675310744669048e-01
2.439399276412831788e-11 2.996590396261499535e+35 5.551171191090696899e-01
2.286296842931966767e-190 3.193575689006594282e+35 5.809025128675456839e-01
0.000000000000000000e+00 3.365421121522873617e+35 6.741176859281934330e-01
2.061717731421842693e-238 3.202795899111660136e+35 5.591119228359633375e-01
0.000000000000000000e+00 2.735709171439633924e+35 6.910817402571798329e-01
8.658969473736116180e-26 3.017930835903036724e+35 5.119962836967749675e-01
1.279717993547841014e-174 3.072792279410715406e+35 4.463646257044247556e-01
3.513416148051301985e-43 2.873993693034626497e+35 3.416895427169845956e-01
2.029065777162994778e-38 3.061448743034091856e+35 5.736512138135877459e-01
1.022029109882976503e-267 2.781364074746568400e+35 5.684979053223706558e-01
0.000000000000000000e+00 3.019312336423174102e+35 3.142234489853391599e-01
0.000000000000000000e+00 2.792637749263253819e+35 6.637819318156172876e-01
1.428894469232667953e-13 2.997000014980803418e+35 5.614787580222971863e-01
9.434996434534336329e+08 2.925312153941019386e+35 4.726529158135829300e-01
6.368504378996862264e-71 3.073853803197743777e+35 5.385184135817531192e-01
0.000000000000000000e+00 2.492224572861818911e+35 4.113670942241489104e-01
0.000000000000000000e+00 2.479865754065312259e+35 3.703599477296981024e-01
2.977691420598633675e-91 3.055850504905732130e+35 4.915330630129774447e-01
1.598539342421642337e-61 2.971964971646290918e+35 6.017265334637439400e-01
2.760963534102223967e-12 2.964038580290236245e+35 5.377235597267960854e-01
1.545273629789522009e-151 2.736207545921994615e+35 4.638049082738726625e-01
9.065393125839152355e-02 2.852475988813707578e+35 4.098530165180007123e-01
0.000000000000000000e+00 2.345430633983636243e+35 5.550448142852405509e-01
1.606180801476461553e-307 3.203059035218797031e+35 5.262719199548457905e-01
5.923191701551286369e-90 3.066660849270617178e+35 5.061647851577557589e-01
0.000000000000000000e+00 3.168220811370951900e+35 4.461389004093495037e-01
0.000000000000000000e+00 3.232010351603478842e+35 4.614934272661503356e-01
3.279248029997578942e-13 2.813763417819038075e+35 3.603419980482832075e-01
0.000000000000000000e+00 2.577999954424521473e+35 3.966031495987797917e-01
0.000000000000000000e+00 3.307296595310733650e+35 3.736645196458303619e-01
0.000000000000000000e+00 2.725074374671531933e+35 5.692547240509578943e-01
1.448671239996492627e-18 2.994796150651892616e+35 5.152877379983868966e-01
1.571760631632204556e-184 3.107160846692542534e+35 4.836952144439814472e-01
0.000000000000000000e+00 2.997131455566271812e+35 2.821943293885496029e-01
0.000000000000000000e+00 3.480486994530378908e+35 6.928885725546130026e-01
1.708076796653177381e-68 2.896728302594721573e+35 3.465061254396610835e-01
6.792996139074844288e-16 2.891782963123173073e+35 5.087009510964738412e-01
3.330765278819587036e-10 2.948348392480927240e+35 5.300108452704678230e-01
1.490244413186539444e-57 3.004959567472635912e+35 4.640609633181804750e-01
2.859841660436937236e-217 2.775889398645563116e+35 5.396306519980249572e-01
0.000000000000000000e+00 3.162022853162968838e+35 4.513457539438897603e-01
6.311262388549880187e-139 2.877809981885456409e+35 5.901246666788768636e-01
1.833663258031875687e-02 2.848128154583687324e+35 4.056235812752117531e-01
0.000000000000000000e+00 3.352856286604445399e+35 4.860355981098253841e-01
6.894195033666037549e-45 2.883683802685115011e+35 3.569352790559250921e-01
8.110153896889233300e-27 3.019330604850297241e+35 5.594211804843342017e-01
2.919450165620878884e-208 3.187440488084331480e+35 5.655956901010008586e-01
0.000000000000000000e+00 3.212522639999542091e+35 4.807246830928757486e-01
5.285147202344547363e-257 2.978016304344557871e+35 3.130543559926283192e-01
0.000000000000000000e+00 2.501591837099798829e+35 3.650057708291682967e-01
0.000000000000000000e+00 2.334116275932237663e+35 4.677807432847104208e-01
1.392126757986814614e-123 3.123127734207758843e+35 5.488677774295338541e-01
6.001387270952963472e-28 2.784927691188664818e+35 4.085421212340185626e-01
1.662580236089518053e-258 2.718709303498719959e+35 4.986006377584265570e-01
1.501359564335610860e-85 2.799785934285323969e+35 4.908658318568911438e-01
0.000000000000000000e+00 2.732843959137849560e+35 6.304481455701339554e-01
9.132282844143475131e+00 2.905804500214454312e+35 4.802701774918610722e-01
9.359797214227117297e-21 2.836441253259167973e+35 3.541736204489851492e-01
1.259132802838225264e-20 2.939259628456696006e+35 5.434778291331654465e-01
0.000000000000000000e+00 3.283341992620671216e+35 5.456757627344669404e-01
2.318918717082684138e-26 2.994755072608045590e+35 4.960088335944440319e-01
5.462717121967503838e-19 2.968390686870153180e+35 4.749736726007282583e-01
3.829452252376422265e-64 2.900085500870167995e+35 5.615364124844828275e-01
7.217675253791970937e-258 3.131081552879224469e+35 4.708495541951566166e-01
8.097866466255708790e-249 3.099068472444998676e+35 4.408127771323716582e-01
0.000000000000000000e+00 2.545652866807818428e+35 5.042344005586913980e-01
6.811607218242323266e-29 3.006537309215774939e+35 5.085654444549695397e-01
6.127030412316202081e-130 3.135359554820182959e+35 6.834897913896016419e-01
3.166232271148135546e-01 2.925343059741216026e+35 4.795705567735412123e-01
0.000000000000000000e+00 2.548828923240248089e+35 5.333618434654364693e-01
0.000000000000000000e+00 2.605921999121442191e+35 5.520026661044541427e-01
5.243615113454327744e-273 2.608372006463451565e+35 3.585025759382767241e-01
5.405846974107169049e-175 2.694648549695446082e+35 4.251720875192795956e-01
2.590917487550235554e-285 2.692523425688803304e+35 4.800767937424570975e-01
0.000000000000000000e+00 3.089378186727532577e+35 3.201277987829501126e-01
6.865015801171749970e-13 2.814251418852034967e+35 4.162087422383829449e-01
1.597166858102126795e-70 2.760788612104635119e+35 4.313044661359633491e-01
0.000000000000000000e+00 2.609441606276848641e+35 4.982293823195823590e-01
1.549396485105877555e-258 3.052710117741129652e+35 3.878648311595566667e-01
0.000000000000000000e+00 2.618922856501102952e+35 6.398265492868882021e-01
9.039903148613607685e-268 3.293527436568611694e+35 6.987902383220200297e-01
4.027601501670731118e-04 2.853319382814214827e+35 4.027693031161234116e-01
1.814807201025457364e-87 2.978923694028572134e+35 6.226216249369644906e-01
7.462719283779193158e-24 2.892411869622546386e+35 5.186069248373319507e-01
1.011684877305870090e-28 3.020816297579937603e+35 5.389554849444138096e-01
7.754991482957221930e-108 3.040721559404596176e+35 4.610801151898636374e-01
2.478873197290774899e-04 2.931725455266435209e+35 4.671153840390429024e-01
1.556781564941524261e-154 2.896584990775039273e+35 6.102516486363416259e-01
0.000000000000000000e+00 2.631905493361533510e+35 4.650347309154276854e-01
1.971629400650430448e-286 2.762210969261521390e+35 5.540278405243292958e-01
2.859548602803266710e-256 3.143770789435002665e+35 4.856090609979442640e-01
7.378855584754392686e-33 2.917474204215274103e+35 5.460235466927862991e-01
0.000000000000000000e+00 3.103374854704584513e+35 3.635968945955167508e-01
3.836753129472374352e-21 3.000006582882700868e+35 5.201543394539730469e-01
3.471092395705013885e-260 3.132138621775598519e+35 4.708558943473849512e-01
6.731836135205999063e-12 2.946268179550854225e+35 4.627200710552714646e-01
0.000000000000000000e+00 2.569083011689511360e+35 4.324802490288335854e-01
2.527026104923162938e-06 2.926163272708781805e+35 4.534972459418548096e-01
0.000000000000000000e+00 2.699136281402625125e+35 5.105046000144859430e-01
5.864824974087115982e-09 2.815675735626060474e+35 3.925258536004197496e-01
1.433550519537784596e-31 2.863944392330259138e+35 3.571187271228331017e-01
0.000000000000000000e+00 2.644372897656555915e+35 4.492035276935712473e-01
3.084998599221976030e-43 2.747740020012312276e+35 3.709985265015848244e-01
5.290249988772266121e-15 2.981237767366077408e+35 5.058001008108738983e-01
6.479943534866222876e+00 2.871477752817653661e+35 4.349331207963845758e-01
1.003248746909181652e-06 2.846366063920690850e+35 3.936413994850476161e-01
0.000000000000000000e+00 3.105823142632461257e+35 2.159255883899361683e-01
4.471175358529709437e-211 2.671678077819358258e+35 4.155800979162330711e-01
8.779059878446483927e-15 2.917786711939790888e+35 4.280035043139970852e-01
2.439428802696320760e-215 2.756184633339084788e+35 5.184319293121224526e-01
9.326377942241166491e-47 2.966872445698377251e+35 4.353542620969529375e-01
2.639713195889890196e-75 2.684177998780021333e+35 2.766209399640060518e-01
1.801367685780767280e-01 2.862419614169623878e+35 4.355931185507819769e-01
9.556562321260678427e-60 2.938120646131238887e+35 5.817088659848587140e-01
1.127442820590132206e-04 2.930641800240210192e+35 5.032999677105056691e-01
2.291579011942698400e-186 3.005035662670735418e+35 3.753833200223105071e-01
0.000000000000000000e+00 2.630728158637309771e+35 5.079051592555953176e-01
0.000000000000000000e+00 3.175885106905175706e+35 4.047367093947525918e-01
3.942241155216583682e-88 2.928210159662634013e+35 3.611216299253812712e-01
5.497577135717635371e-318 3.175281926622549272e+35 4.910230204534134502e-01
3.068234138362684411e-61 3.013058051977052999e+35 4.714548254002311478e-01
7.417758711546759271e-65 2.869695388366226373e+35 3.280589731791295760e-01
1.683826475055691610e-193 2.729329125419847441e+35 4.785869658185765152e-01
1.512108472217812207e-18 2.814705355910062565e+35 4.303660430405393811e-01
9.674619649897350141e-154 3.182796439848720960e+35 6.143533119325756964e-01
2.489469312065206888e-46 2.757470094251973185e+35 3.939800719658022032e-01
1.931434455217610357e-109 2.936870887828757607e+35 3.541659103331058489e-01
0.000000000000000000e+00 2.551715278414461725e+35 4.456196413501389286e-01
2.896484412082469409e-15 2.915439563750451853e+35 4.248932385007704315e-01
0.000000000000000000e+00 2.759751718655660749e+35 5.726612124316172725e-01
1.321657950036302176e-34 2.865319294314175915e+35 3.554396279297618033e-01
2.017167459794184261e-11 2.849443650195070144e+35 3.814280731204898744e-01
9.611310598464445198e-100 2.849807161746120526e+35 5.459539803151395310e-01
5.793363423660829542e-229 3.043030276466888786e+35 3.923370791100346811e-01
1.554094099626140183e-273 3.179115220174389269e+35 5.169830172914833266e-01
1.366290251916030323e-49 2.811749433081783185e+35 4.710772606583176758e-01
0.000000000000000000e+00 2.479332395866930922e+35 4.112234729956035229e-01
2.501876260067474488e-17 2.991432514899989566e+35 5.353731332677745813e-01
1.890926231600859300e-143 2.640182353401023957e+35 3.073061756942591094e-01
9.840313505855662917e-221 2.672554973072164543e+35 4.224528347601924083e-01
0.000000000000000000e+00 3.108502245745594371e+35 4.143264445342516589e-01
5.242752579572928841e-38 2.744593796857881541e+35 3.393884183156882783e-01
2.567650563669503066e-86 2.882597369290713610e+35 3.213168951710656529e-01
6.556450105572867887e-52 2.911755597520406136e+35 3.763180233981786582e-01
0.000000000000000000e+00 2.747263214712783593e+35 5.842061145665721211e-01
2.052482705342500435e-206 2.998604549048984008e+35 3.585294767901245905e-01
1.361572637947512776e-139 2.821093686153928224e+35 5.436884914176950412e-01
0.000000000000000000e+00 2.590334668958742717e+35 4.286927688926397417e-01
0.000000000000000000e+00 3.345250218638312584e+35 5.579728969938337890e-01
1.179727019591628110e-13 2.851357230413442320e+35 4.657752213688848841e-01
6.832638423717675910e-282 3.125044900950000351e+35 4.531943261658513133e-01
9.806090413042219959e-110 3.098182689796020227e+35 5.298128364862455530e-01
1.132610503342380924e-34 2.866028785345240128e+35 3.559043150859794724e-01
5.998567674452558742e-235 2.796348984934337291e+35 5.651864383928428825e-01
5.999814535171049265e-191 3.081542913080087108e+35 4.526636656560640848e-01
5.808077337027261602e-27 2.970833312201119677e+35 4.651455632882292579e-01
2.119595338396941118e-39 2.846103096776358355e+35 4.957417535620503024e-01
3.164990049621783558e-35 2.879008884616140043e+35 3.655277082317959780e-01
1.787842883851218333e-03 2.848193293991389944e+35 4.118412057076937804e-01
9.550186834647061044e-299 2.695920814812694630e+35 4.894018305743311203e-01
2.327527189004073016e-01 2.902833643158115897e+35 4.777186296641446894e-01
3.061907213016440274e-202 2.666437791928115257e+35 4.030893437349339914e-01
0.000000000000000000e+00 3.282874823552688951e+35 3.980404697470862341e-01
1.868144113261987655e-235 2.761283425829140520e+35 1.251780702893189878e-01
7.857271017523516824e-71 2.827281587761567640e+35 5.064077656775727299e-01
1.319691305264341960e-173 2.680547371268088149e+35 4.044417984111049469e-01
0.000000000000000000e+00 2.706131270342718027e+35 5.417315076113277117e-01
9.953869241142134100e-212 3.106989925073521634e+35 4.685597588349959541e-01
6.560518759562398909e-18 2.877707990203297629e+35 3.869896959690360960e-01
1.447870560098623345e-69 3.044783237505593041e+35 5.006917944899856865e-01
2.984553895752954664e-57 2.769106364559858290e+35 4.278114382214560085e-01
1.178799185441422859e-273 3.050987212918695186e+35 3.793259877258320367e-01
5.313608456897520541e-08 2.828931488017278035e+35 3.840660931253824240e-01
3.649105959539438284e-04 2.911848312332390285e+35 4.966597996375098356e-01
1.135868863032728538e-64 2.699277391424741822e+35 2.682589711823577527e-01
0.000000000000000000e+00 3.304462212127303637e+35 4.233994620774698681e-01
8.887612171336563175e-313 3.204993935864230710e+35 5.264565613990572768e-01
2.349680697634684966e-262 2.768083672452282731e+35 5.503095868314850092e-01
6.922558126779036366e-41 2.828357883082379683e+35 4.803555588786384556e-01
0.000000000000000000e+00 2.645222121153785081e+35 6.305480587533154324e-01
4.592733263083420268e-213 2.707664906824390573e+35 4.636435002786488679e-01
2.419448323593496126e-68 3.018093583198183985e+35 4.694297429982898784e-01
6.025904195292166475e-108 2.758936290586155916e+35 4.609230079215115294e-01
4.575846604153587445e-169 2.751924109985688022e+35 4.912104867410657660e-01
1.352573634564144455e-263 3.109619015499873191e+35 4.450212040659282664e-01
4.664643148112566943e-19 2.827863307752059203e+35 4.501091655178175999e-01
0.000000000000000000e+00 3.091220645811579752e+35 3.358542445127492559e-01
7.673680537810671041e-174 2.869041827103087810e+35 2.521265209895401371e-01
1.008907824520531784e-249 2.878306569813191444e+35 2.211788366448323995e-01
2.505307349211365621e-105 2.941577920910075871e+35 6.138215036139826886e-01
0.000000000000000000e+00 3.182055459202125603e+35 3.854087979341376813e-01
2.020555169564259666e-60 2.897169311536233902e+35 5.565620076988926357e-01
7.427540843044928291e-140 3.033004947239117549e+35 4.306952967725388159e-01
1.071821372790228617e-260 3.056547421610619199e+35 3.908925597689846265e-01
0.000000000000000000e+00 2.574635592086151811e+35 3.613130512315873566e-01
5.174149006746380982e-150 3.102826044744227461e+35 5.019327813509928404e-01
0.000000000000000000e+00 2.792301833832686215e+35 6.324478209176352950e-01
3.724291960263286402e-103 3.022114173624387250e+35 4.442742800614558618e-01
2.616261873884026748e-282 2.705744929488485879e+35 4.939014110266540802e-01
2.303618612033372936e-13 2.961911163772276041e+35 5.374231074535760211e-01
0.000000000000000000e+00 2.624401454729047948e+35 5.670610614307359798e-01
0.000000000000000000e+00 2.676978202586921596e+35 5.323549479303684162e-01
4.050576788981469792e-19 2.785068453810360119e+35 3.728295601727651398e-01
7.391954805708212815e-101 2.894200668973640040e+35 5.811168544685294535e-01
0.000000000000000000e+00 3.320501749204688070e+35 4.946124654635130069e-01
1.173212235139790774e-317 2.738517307186633550e+35 5.424790407019400851e-01
1.609181286918240180e-17 2.984487665435483748e+35 5.471785736175071024e-01
1.989229313500397373e-05 2.899989404548592516e+35 4.300980676944476944e-01
5.831501958544866186e-203 3.227010030603087116e+35 6.334574473412430962e-01
5.468362285489861640e-309 3.084769005022400721e+35 3.986238699281108300e-01
0.000000000000000000e+00 3.194507537418396563e+35 4.943681299849218558e-01
0.000000000000000000e+00 2.710691303724844551e+35 5.768641062634741745e-01
2.604275976327272903e-09 2.939076968347636828e+35 4.608827308250151855e-01
2.554437826568455704e-244 3.097359850795107297e+35 4.412832840587720407e-01
8.584127100790645467e-240 3.092856129420551498e+35 4.387254277280722148e-01
1.625643360116204379e-239 3.118554619177007796e+35 4.665206567149962069e-01
1.122769477353266660e-45 3.013402071296296142e+35 5.989593825755867851e-01
9.863275799594355440e-205 3.066539340597480331e+35 4.287589357956186342e-01
1.845963100365374142e-206 2.956256761257246618e+35 3.164748929659413346e-01
6.093337175862979347e-22 3.005772099419861629e+35 5.458555115704387672e-01
4.581180315486857627e-94 2.890130501807150066e+35 3.216203705045578287e-01
3.978728932126975203e-200 3.149737184346051495e+35 5.243526687127698649e-01
3.676560160051368196e-172 3.152549973520372001e+35 5.474613537477107661e-01
1.924690295319864434e-03 2.916512386606492709e+35 4.965405372683303620e-01
0.000000000000000000e+00 3.477958477940210341e+35 3.289240316655178686e-01
5.379457570429493034e-311 2.726157891919572225e+35 5.274576742548612307e-01
7.122521214036527845e-249 3.018897908007704747e+35 3.580428330070486442e-01
7.516592331193320409e-113 2.933160571022295588e+35 6.130268345597579271e-01
1.709910220450851809e-26 2.874928615897339311e+35 3.723568434839319985e-01
1.501535411090003399e-248 2.730414611307432060e+35 5.065099604571632330e-01
2.948438453335195796e-184 2.771597436750692983e+35 5.196815649564974215e-01
9.571750558476454699e-222 3.049927222766102713e+35 4.026893890151694855e-01
1.397274641167709284e-140 2.754797287448510758e+35 4.779686277910787373e-01
0.000000000000000000e+00 2.670450377131147918e+35 5.854117859232990106e-01
0.000000000000000000e+00 2.525591786095323548e+35 5.298287635506080395e-01
4.372865617417597267e-98 3.043044412307009882e+35 4.715484783413294578e-01
0.000000000000000000e+00 2.515288933915612991e+35 4.057734778067971781e-01
9.379577158678684684e-87 2.994228098713194776e+35 4.271295362063596279e-01
1.725315149976691108e-60 3.015086239131419727e+35 4.739717875505736200e-01
5.473749349100356932e-225 3.005508350171095552e+35 3.559215275057856509e-01
3.395602241589176846e-16 2.892412340237287206e+35 4.016331473289160292e-01
0.000000000000000000e+00 3.184834547938315978e+35 4.264059990509419529e-01
0.000000000000000000e+00 3.190100556972991228e+35 4.168468260013198368e-01
0.000000000000000000e+00 3.275617849310656620e+35 4.981343772907559364e-01
2.817127125250813111e-05 2.845034693260121454e+35 3.966619418053447532e-01
6.792492712181659366e-113 2.965801273203222407e+35 3.794136335668928939e-01
0.000000000000000000e+00 2.771819660876770559e+35 6.388786590265422838e-01
3.168906025626524496e-305 2.759777726940032801e+35 5.585667606985778022e-01
0.000000000000000000e+00 2.683257551207756630e+35 6.132970809346877106e-01
6.089227750108379647e-82 2.894750715950035278e+35 5.699361653309071851e-01
1.169653913878643980e-238 3.079207340562086222e+35 4.248590677069105648e-01
1.143875806428755417e-52 2.915817740140517592e+35 3.787010226817230651e-01
0.000000000000000000e+00 3.431542176353182825e+35 5.717519758296303323e-01
1.153170152861020894e-126 2.804474609878763037e+35 5.215321040229906613e-01
3.831973817980789658e-127 2.687189464245922208e+35 3.775219891374237413e-01
0.000000000000000000e+00 2.715322936726998435e+35 6.427617073913939327e-01
6.879737269182861929e-36 2.746755705699604082e+35 3.376239407648242707e-01
8.035896416930855570e-241 2.742184555121457218e+35 5.156133011964996182e-01
0.000000000000000000e+00 3.111101197602370579e+35 3.775056053713985449e-01
4.084057091442180495e-261 3.026329092688757874e+35 3.599220024568948184e-01
7.706843254253662186e-284 2.825466862426265745e+35 6.079888534499631181e-01
1.639497646033602325e-268 2.740772895797336040e+35 5.258261677267720424e-01
4.824674590585145657e-279 2.626124103068563032e+35 3.894378744682218674e-01
2.152669051501667550e-270 3.047740704279230658e+35 3.774725089660323496e-01
8.927345045814918377e-36 2.871812619873503666e+35 5.155127293660660692e-01
1.562306519583002733e-155 2.743217528265536556e+35 4.737470697953011789e-01
0.000000000000000000e+00 3.267038424318909000e+35 4.057270775070659918e-01
1.345645966270968523e-201 2.702797080483263626e+35 4.514955072417079496e-01
2.113795165363223000e-106 3.093458476295776129e+35 5.261199575485638880e-01
0.000000000000000000e+00 3.165971762961364249e+35 3.624896445494553698e-01
0.000000000000000000e+00 3.021601594302317103e+35 2.792012380879326239e-01
1.418011011420734969e-55 2.841562005274968815e+35 5.074114990260231162e-01
0.000000000000000000e+00 3.257847234831255736e+35 4.146903625769748358e-01
7.172885746438403674e-148 2.951451817639241416e+35 6.408822410616885623e-01
5.673089815249044829e-53 3.013275159199367431e+35 4.802601282874503497e-01
0.000000000000000000e+00 3.278535554258312675e+35 5.416932198224122530e-01
0.000000000000000000e+00 2.683262043609829238e+35 5.062775619698557383e-01
0.000000000000000000e+00 2.445366202502118457e+35 3.300995072756447435e-01
9.320246591901115707e-03 2.851389492083429029e+35 4.110876045728378836e-01
3.954956261283624310e-91 2.818776219226189529e+35 5.130135573891017042e-01
0.000000000000000000e+00 2.532451514866405526e+35 5.317104053300987232e-01
8.281603224905851798e-216 2.775946710272624287e+35 5.385505772640289956e-01
0.000000000000000000e+00 2.774268341519332816e+35 5.871111354908505886e-01
7.458567075849960308e-160 2.683119616393902898e+35 3.983426106473277883e-01
1.640593889901459712e-07 2.868211502781474780e+35 4.713581219056994231e-01
5.014322382317687346e-150 3.123922730037651744e+35 5.277640692668558176e-01
4.642959880004740507e-252 2.636115398906009096e+35 3.889818132276633422e-01
0.000000000000000000e+00 2.670543983327561029e+35 5.085987354799403892e-01
8.884832471908814489e-42 3.016807690653555055e+35 5.940624017268134605e-01
0.000000000000000000e+00 2.956833135168335747e+35 7.625225007240137298e-01
6.698709379555717550e-22 2.870686533517576978e+35 4.983517867448007399e-01
3.237605969267374030e-183 3.099225813923209264e+35 4.762434701737831011e-01
5.557396736319962684e-137 2.858860564623937425e+35 5.742561667738155240e-01
9.560638943835423612e-23 2.965509513972986564e+35 4.647180914966182463e-01
5.433296686503660336e-20 2.986952456919859904e+35 4.996720650464253621e-01
1.110490191611686014e-40 2.983431838086033104e+35 5.859639776224954133e-01
0.000000000000000000e+00 2.705363814711588193e+35 5.437969631406450732e-01
1.759857561387077537e-02 2.894920988622567548e+35 4.348878156883124735e-01
2.586934866239225084e+00 2.894240119789002220e+35 4.698283571170965289e-01
7.181212575473829544e-237 3.103079907289809917e+35 4.513206413022701202e-01
6.423807891376254219e-27 2.873112051225070004e+35 3.709202829087038800e-01
0.000000000000000000e+00 2.730827354475684274e+35 5.594156261140752484e-01
1.409352415655683202e-60 3.015008632940280385e+35 4.742286841458246971e-01
0.000000000000000000e+00 2.553525838714845042e+35 3.702306449141475331e-01
3.548291207610976707e-166 3.150942594416791667e+35 5.503927863808938392e-01
0.000000000000000000e+00 3.279559365484128717e+35 4.483151197478738026e-01
0.000000000000000000e+00 2.609539903325826953e+35 5.760646700559390876e-01
1.331415200177204438e-78 2.818463018760926175e+35 5.034628815403791036e-01
3.234298699919461272e-78 2.877073274088672983e+35 3.227719649924184475e-01
4.645092762672893650e-93 3.002587824541320599e+35 6.358832932030216156e-01
0.000000000000000000e+00 3.453177729869685320e+35 3.544683368720061845e-01
0.000000000000000000e+00 2.629731425399949607e+35 5.104589621389254983e-01
1.187328730770474595e-134 2.996766004479329541e+35 3.966311848947882690e-01
9.359644969052725902e-269 2.948046169018838779e+35 6.849021109373756300e-01
2.471716788006579768e-248 3.219856342293435167e+35 5.816206151793432699e-01
0.000000000000000000e+00 3.438968532548556386e+35 4.372029223895852468e-01
1.625684048033380707e-170 3.032030780863258049e+35 6.882171805235497430e-01
0.000000000000000000e+00 2.569297671179748004e+35 4.759245468801150958e-01
1.375122074280337836e-07 2.824843945667756271e+35 4.071447310481844939e-01
5.549229809781490053e-47 3.039543434441479965e+35 5.258818527598551062e-01
9.870342324034228400e-179 2.676263996424384550e+35 4.014889171742216933e-01
1.953653887388963621e-31 2.889194329265267458e+35 5.242919499904316050e-01
0.000000000000000000e+00 2.637811692338435868e+35 4.853402759511940556e-01
1.013617263187391813e-49 2.977307335185727416e+35 4.431066238348268516e-01
1.030723162291309920e-65 2.934084471722494372e+35 3.844106041869975177e-01
2.153383978905869537e-100 2.925781840119564291e+35 3.498013372623705597e-01
3.634638565728568207e-78 2.960925304847711775e+35 6.074195559419881540e-01
1.693137142961812641e-02 2.860277672056861465e+35 4.157161945116155666e-01
8.478590262506896284e-140 2.612558561575473061e+35 2.185306658467851548e-01
3.127126353400957944e-49 2.981552246438768400e+35 5.937139767981111094e-01
7.074242383621119323e-17 2.953412326313276580e+35 4.618550707600261318e-01
4.252717481330921628e-65 2.719067205444028953e+35 3.557314408164040098e-01
7.645880772309105566e+00 2.897714281419262890e+35 4.597698587721079089e-01
3.739329256823021729e-145 3.004613163621847630e+35 3.986997577401051318e-01
2.225582501404719743e-05 2.886402414959747959e+35 4.789437193732946074e-01
5.786478214299680747e-107 2.869433426865045377e+35 5.656333979750691743e-01
4.612942537403739903e-71 3.019502118384312491e+35 6.247228749124031921e-01
2.298881694178658817e-28 2.765249118347115884e+35 3.393652168199179364e-01
5.875495215008690057e-33 2.787633851075770216e+35 4.178193284515835937e-01
0.000000000000000000e+00 3.181065032319057577e+35 3.071314200342583622e-01
5.491626346739647939e-183 2.793563053019849098e+35 5.397844941514065020e-01
1.798120664165464877e-205 3.123121544766727365e+35 4.908223906718999219e-01
1.183289477890118185e-72 2.712456247275775486e+35 3.541860949099539524e-01
0.000000000000000000e+00 3.117772927444774589e+35 3.897936400594493311e-01
1.339932830983801673e-288 3.104443420451338253e+35 4.285909874636277261e-01
9.351700725557209487e-16 2.894264479091047755e+35 5.066069176757099779e-01
0.000000000000000000e+00 3.238700686411068411e+35 5.158198475032877983e-01
2.273162133429258602e-09 2.840506949857477763e+35 4.409299632210637032e-01
1.520655517819984334e-284 3.141399500998530570e+35 4.698846583421121270e-01
2.513695069851497628e-14 2.825716941702930563e+35 3.661242271469954401e-01
2.018618738497292070e-30 2.795898776674760569e+35 4.255148255261265167e-01
1.151997371996296013e-69 2.951851598474607520e+35 5.961634741227336276e-01
2.987795741893505240e-164 3.085679426364449449e+35 4.735212251631017444e-01
0.000000000000000000e+00 2.665980013818999878e+35 6.048535526378201466e-01
0.000000000000000000e+00 2.617885542324397927e+35 5.852461694166946060e-01
0.000000000000000000e+00 2.659645353073350593e+35 5.536500537712982783e-01
4.043481496813681152e-03 2.853113114573683156e+35 4.254921183235941817e-01
0.000000000000000000e+00 2.571972437564981356e+35 4.816169201790297949e-01
0.000000000000000000e+00 2.530223734165568115e+35 4.267019425860774096e-01
9.384830796346047737e-56 2.815725929559677156e+35 4.808030280046871052e-01
2.145983877951840552e-16 2.970415487429332792e+35 5.423190165048397127e-01
0.000000000000000000e+00 2.565640382854129735e+35 5.224779453519116101e-01
2.381355861987129396e-106 2.860289211696801236e+35 2.879199318198462088e-01
5.255753701493986005e-225 2.727393754575962092e+35 4.918448278639671045e-01
9.328656769476837711e-25 2.810004507023251704e+35 4.350809006407964641e-01
1.700714368343118811e-11 2.838688986561035510e+35 4.446099699685083784e-01
0.000000000000000000e+00 2.662454679440029057e+35 5.511616928091348511e-01
8.940538196113460484e-41 3.003509150780189167e+35 5.894986557583636877e-01
5.875707187595483158e-125 3.160392183774283365e+35 6.197972014593179368e-01
0.000000000000000000e+00 3.476700642155013154e+35 5.271120699680982291e-01
2.295125180020524744e-16 2.976638811888423572e+35 4.975326111708237020e-01
1.294762401477770184e-44 2.774043319794070721e+35 4.164975612463661103e-01
3.457918594983686750e-06 2.930015782947864031e+35 4.633543131282299443e-01
0.000000000000000000e+00 3.376907229513423043e+35 4.772597048468157910e-01
1.526747181995025647e-184 3.022950765661676243e+35 3.949104044813094294e-01
5.905969511519116470e-119 3.105763018247945996e+35 5.317739403343176852e-01
0.000000000000000000e+00 3.086960811876269178e+35 3.127948416656708974e-01
3.934222261418947625e-15 2.927130689860443732e+35 4.378888156375424501e-01
6.726032681926593429e-127 3.161128419549214974e+35 6.617089956966032416e-01
8.478173893252178192e-68 2.883393356568588889e+35 3.375753328001372955e-01
8.215218427300059067e-216 2.821744891876253817e+35 5.790989865883466869e-01
6.863766122612942775e-100 2.856427217070067187e+35 5.511159796622615570e-01
0.000000000000000000e+00 3.138579753568764861e+35 3.674613762053483002e-01
3.447122884452538905e-132 2.731742371072642498e+35 4.440097610651515536e-01
8.688117922972837679e-60 2.728311117318373031e+35 3.629636322932945358e-01
0.000000000000000000e+00 3.305473172075177616e+35 3.476609365091173354e-01
0.000000000000000000e+00 3.262058777139483539e+35 3.552943199527915374e-01
8.473670539046409034e-21 2.902886572933261471e+35 5.202448891271050924e-01
1.308530924394694928e-03 2.850125888916855300e+35 4.171425334834958365e-01
2.229818211507241990e-286 3.143352145712722475e+35 4.711390247754421723e-01
3.050931929390363941e-262 3.148899104295188520e+35 4.890188773988971560e-01
2.475505344206201386e-01 2.891704092683448748e+35 4.445322578290614168e-01
2.596382617494168185e-39 2.959326044013229005e+35 4.365179928940632337e-01
0.000000000000000000e+00 2.446784315920664809e+35 5.121623239126428251e-01
5.824622126971829665e-145 2.845432378928096782e+35 5.668715009311691144e-01
0.000000000000000000e+00 3.283168065665362776e+35 5.621660420338878694e-01
0.000000000000000000e+00 2.852773106774355002e+35 6.487825916400034032e-01
4.892996173017907888e-75 2.724298558523775924e+35 3.798979719000027955e-01
5.605536906725467917e-140 2.809876674203234501e+35 5.333358261914178389e-01
2.474678152226965483e-127 2.829139803841931872e+35 5.438355359284297030e-01
2.132120639750423135e-34 3.024823199529711443e+35 5.750997501585716210e-01
1.948976198794957472e-44 3.014834350573984051e+35 4.951870545985998517e-01
2.019105321389117328e-260 3.087827248230132285e+35 4.240917078221240200e-01
3.304314742798786116e-37 2.816088831858702812e+35 4.612040570280202534e-01
0.000000000000000000e+00 2.547133055097195662e+35 6.089059115045123427e-01
1.156955089062951202e-23 3.005891388499880632e+35 5.311436947516364748e-01
0.000000000000000000e+00 2.447717759490154733e+35 3.404598902970922825e-01
0.000000000000000000e+00 3.252816957824082780e+35 3.737768301932859472e-01
8.972658375516373441e-278 2.685947466298144804e+35 4.682437044370941770e-01
4.780777421282404587e-54 2.930871935530159665e+35 3.926872336629388949e-01
5.173142907188411631e-68 2.983443540174751220e+35 4.326537201991519366e-01
1.841467267356745944e-164 2.821360677825704707e+35 5.561053589122360030e-01
0.000000000000000000e+00 2.411492038703282659e+35 3.654118141433910782e-01
7.373496647083659305e-70 3.058313176315083597e+35 5.201563984542865171e-01
0.000000000000000000e+00 3.247428119470087585e+35 4.250044289991631863e-01
0.000000000000000000e+00 3.183244642703307748e+35 4.879432700613012264e-01
0.000000000000000000e+00 2.552744269346713076e+35 4.499333780887044276e-01
2.416597375470512727e-31 2.847552802771962062e+35 4.873405731890740888e-01
2.905228636189817557e-04 2.932889696804761103e+35 4.774946004730517002e-01
1.193624237100184642e-177 2.850161032811495402e+35 5.859685102257425893e-01
6.762704612277656743e-22 2.785711286338063911e+35 3.851658078902106541e-01
0.000000000000000000e+00 3.001618679631169400e+35 2.452528273974231565e-01
8.640304250898896819e-176 2.807408724969214889e+35 5.491277523438728991e-01
1.022949606332656601e-11 2.971524124696748405e+35 5.169860966793227153e-01
2.618665510582316901e-316 3.019751408187288617e+35 3.299329652165462479e-01
1.615559282544870780e-78 2.767290768361532541e+35 4.460272753305704607e-01
0.000000000000000000e+00 3.208122289786270972e+35 5.181109511623414043e-01
2.517496750106490831e-78 3.053245566943336966e+35 5.033922708207538843e-01
1.195074300376405949e-297 3.045788094366227460e+35 3.640953540524033971e-01
3.652867212231952443e-92 2.668368065023671501e+35 2.831923424168375503e-01
0.000000000000000000e+00 3.153915544080602726e+35 4.356661998418043247e-01
3.125567272603178848e-35 2.763342195131544444e+35 3.798870456390373573e-01
8.084110820183187329e-230 2.956922537918715585e+35 3.062489785201637504e-01
0.000000000000000000e+00 3.169226239055884319e+35 4.739400367093759558e-01
1.588699376492711296e-82 2.840961323134191139e+35 5.266664297083616386e-01
3.663999456033969285e-18 2.828660638334515270e+35 4.469326914030419817e-01
4.444528221621498114e-82 2.828200203119378607e+35 5.147051939222287986e-01
3.266750088647572532e-153 3.138817411743165028e+35 5.456031684211521959e-01
2.317597181199656820e-257 2.688003958149445729e+35 4.612132634520323404e-01
6.103343572874676820e-81 3.023670555059529376e+35 4.652147377795249339e-01
7.526058134133012645e-119 3.146294838375775090e+35 6.632478853975698474e-01
0.000000000000000000e+00 2.795179918832035466e+35 6.235779177721548772e-01
1.416598754514176289e-172 2.749745362265010510e+35 4.900195072443837008e-01
5.092654867271380050e-111 2.924296815441159003e+35 6.059537252685034403e-01
1.546433116158890427e-177 3.114463246576384357e+35 4.979153272167251010e-01
1.109981019335897678e-288 2.565362110189943542e+35 2.919665743096416799e-01
0.000000000000000000e+00 2.738784197235264097e+35 5.525614414286905696e-01
1.494436504870898608e-231 2.703611424622201426e+35 4.675285424950050839e-01
1.065191361468139684e-130 2.878929745852191157e+35 5.856232457240752032e-01
8.126872549530173016e-14 2.928659342861570382e+35 5.248297801831651732e-01
7.208188683272583935e-43 3.015482973789185552e+35 4.984459136520240641e-01
2.547360695364996788e-296 3.029251483718275906e+35 3.479239225518732659e-01
4.257614853021366183e-236 2.736814419934804617e+35 5.072661441097650048e-01
2.349666633561681326e-13 2.856732513271123845e+35 3.827829307800098002e-01
4.426340025337218792e-81 2.916838083480609903e+35 3.564472457971428754e-01
0.000000000000000000e+00 3.183921457904757651e+35 4.441291292914418820e-01
0.000000000000000000e+00 2.643752160189416964e+35 4.521577305351211495e-01
5.031014454870348910e-246 3.275761729040979597e+35 6.924888146686822843e-01
7.407013488353394956e-169 3.151791394359208222e+35 5.500792730376775630e-01
4.077257819717785436e-140 2.793894538046488818e+35 5.181559515018130391e-01
6.233112265393162135e-147 3.157498087753027927e+35 5.784926748405032626e-01
7.042891253783882606e-109 2.837525264555165365e+35 5.405870691848581044e-01
2.122817685485930384e-127 2.736094042630450117e+35 1.806737178340915850e-01
9.396815068434107214e-114 2.904824245540648990e+35 5.948959118868557550e-01
2.292495860924548189e-39 2.890364339300777657e+35 5.324352069568969448e-01
4.593451375207613903e-128 3.052641031418821806e+35 4.606802772337431073e-01
1.281231061834321686e-206 3.025085549430079866e+35 3.854801757661275308e-01
0.000000000000000000e+00 3.132306723016588088e+35 3.561310519322394286e-01
0.000000000000000000e+00 3.290042446940113125e+35 5.328320446585630421e-01
0.000000000000000000e+00 2.685664234424690035e+35 7.113635479774939041e-01
6.902867850338294446e-89 3.098348455830274510e+35 5.553912492082477836e-01
3.042543376548603619e-59 2.711217156817087846e+35 3.161838033693051830e-01
1.824788975442731319e-213 3.142101017126974381e+35 5.079227212436092653e-01
0.000000000000000000e+00 2.557409702298988800e+35 4.051920866000445209e-01
8.277815048644505796e-221 3.102217224529890890e+35 4.591534934380945288e-01
1.067630594304762246e-86 3.077393602701321798e+35 5.264465167728300532e-01
0.000000000000000000e+00 2.904967544704882750e+35 7.664669751298849310e-01
4.219540103303212139e-161 2.712349623161900686e+35 4.386711481044913152e-01
6.371130799126658977e-164 2.770200988097441606e+35 5.072191854893302043e-01
1.117737919658342785e-32 2.987898489867825532e+35 4.780601312216511412e-01
0.000000000000000000e+00 2.577412622429300154e+35 4.632394893569930505e-01
0.000000000000000000e+00 3.412903579314274404e+35 4.051456968444070439e-01
4.382490140857185144e-120 2.962316176205233761e+35 3.720966683748331283e-01
1.127905436350342352e-23 2.994825042471995678e+35 5.585620037944520888e-01
1.695460951554281607e-119 2.683519629229897652e+35 3.624775339821834086e-01
7.087429724378247614e-03 2.913295770666418833e+35 4.572471456304477155e-01
2.602657267576567935e-290 2.783051585131362488e+35 5.740920856607548695e-01
