0.000000000000000000e+00 3.400000000000000115e+35 8.000000000000000444e-01
0.000000000000000000e+00 3.580839428176517046e+35 9.721428408582544201e-01
0.000000000000000000e+00 3.908283121113766608e+35 8.165049296854158811e-01
4.947991000060285926e+08 3.403118048235906226e+35 7.825432071115092647e-01
0.000000000000000000e+00 3.637155486722847927e+35 6.266030573242639123e-01
5.625947226524392022e+23 3.096066225885612890e+35 7.882467329936756473e-01
0.000000000000000000e+00 3.008089152193795253e+35 9.656448687084167037e-01
0.000000000000000000e+00 3.063335939482199468e+35 8.506190912984012975e-01
0.000000000000000000e+00 3.252871350176237552e+35 9.951770371304422547e-01
0.000000000000000000e+00 3.058031388614329949e+35 8.530007527436141990e-01
5.589941725989979301e+221 3.175354150167495773e+35 7.223374045297052959e-01
2.767096711578955308e+73 3.050160057297632279e+35 6.644950367458490881e-01
7.027631166029092351e-303 3.190596420520134220e+35 8.145829952892731374e-01
4.562754715727154449e-188 2.967508975826038130e+35 7.053482169063239882e-01
0.000000000000000000e+00 3.383256334329478588e+35 4.579361622780654395e-01
5.712808719742836136e+57 2.942924331835227118e+35 5.815136238950132652e-01
4.149080910709569253e+03 3.053653121583130595e+35 5.397694885825119471e-01
0.000000000000000000e+00 3.347827154510683153e+35 5.285812984729286734e-01
4.173624748862470638e-155 2.922547220427456924e+35 6.483520128978716990e-01
7.248423707321486434e-86 2.892257348528390361e+35 5.989307702903363673e-01
0.000000000000000000e+00 2.871441162275466262e+35 7.073210171498679477e-01
7.656391881632989000e+15 2.976528026271659273e+35 4.578917222858658320e-01
4.208308451853619400e-109 3.116572097837043650e+35 5.229216343241548381e-01
2.861340005344452098e-01 2.747345648439433956e+35 3.459410197938388998e-01
0.000000000000000000e+00 3.395982911039013892e+35 4.671755068716959558e-01
2.601906281067898584e-09 2.825385410790646576e+35 3.145550259406839633e-01
0.000000000000000000e+00 3.304252855196117969e+35 5.200966992931820299e-01
1.554900172167848741e-91 3.061245458543229109e+35 4.702998353875194049e-01
0.000000000000000000e+00 3.184933961756568073e+35 3.172181868480781208e-01
3.120908380264380163e-208 2.805495718446125553e+35 5.768096511336556764e-01
2.129800771753272808e-150 2.972482465438977356e+35 3.430501035016998435e-01
0.000000000000000000e+00 3.362830560659309629e+35 4.844080963134838602e-01
0.000000000000000000e+00 3.294359508076544096e+35 3.324242430840461671e-01
1.058726657126813291e-112 3.189196966656121338e+35 6.626774303160015700e-01
0.000000000000000000e+00 3.203055193324973436e+35 4.275729358662948565e-01
5.992788952832331086e-18 2.881680794422977043e+35 3.481688483144557145e-01
8.046659193682389259e+08 2.770489104041535950e+35 3.736904659205851909e-01
3.615948078529421397e-280 2.567831474414917178e+35 3.099907555966082140e-01
9.280344826585149206e-199 2.616208919878986711e+35 3.865802697046277769e-02
3.789121566387716619e-36 2.723071159034296860e+35 3.598935131180125979e-01
0.000000000000000000e+00 3.155150524634219632e+35 3.326088588872026519e-01
0.000000000000000000e+00 2.604412214387826851e+35 4.046842131388276864e-01
7.357621778868192376e-169 2.594522559880548729e+35 2.689878692685147565e-01
2.129525980899748985e-18 2.912102291695341323e+35 3.830884872496554405e-01
3.665385592117367278e-166 2.669782802340160421e+35 4.016282310898657282e-01
4.287344764913923740e+08 2.790938784854452814e+35 3.883982845562955477e-01
1.226473580463893032e-216 2.616792409450978007e+35 3.469944721340861848e-01
4.724960832871630720e+17 2.876820135031343461e+35 4.568820974054798034e-01
1.349745537688428015e-69 3.002639795314947465e+35 4.507193708968088575e-01
0.000000000000000000e+00 2.617325989375715646e+35 4.149263013773367703e-01
8.167323018693569632e-31 2.799186438407593757e+35 4.330498843447587731e-01
2.788205271379312193e-181 3.103815181139295086e+35 4.825447507759554888e-01
0.000000000000000000e+00 3.157140096446253646e+35 4.519366772982094660e-01
0.000000000000000000e+00 2.480905728919397579e+35 4.121661943263841832e-01
5.098735178026042357e-81 2.728820867680428673e+35 3.963633283771163529e-01
3.043491946641767315e-267 2.771357992523860215e+35 5.553148913551486654e-01
0.000000000000000000e+00 3.257491272590635931e+35 4.359222230701258471e-01
4.207014785297153517e-46 2.809031512263362211e+35 4.650608400282850718e-01
0.000000000000000000e+00 2.378694150633848244e+35 5.595519024936647101e-01
0.000000000000000000e+00 2.686457531507218339e+35 4.918325527592176671e-01
0.000000000000000000e+00 2.478602781634725372e+35 5.871479458545800778e-01
2.872854878158997212e-236 2.558591893725453163e+35 2.300443493242483872e-01
4.055193943682545747e-09 2.848789469995929579e+35 3.851356793958302105e-01
1.829927952334547622e-24 2.829819374278302540e+35 3.444996136671778508e-01
0.000000000000000000e+00 2.701091031439972736e+35 8.232549403562852142e-01
0.000000000000000000e+00 2.816378224749317588e+35 6.540221192796544791e-01
1.018334736315786090e-30 2.864060461033367444e+35 5.034606402135450853e-01
1.176459813770690523e-86 3.099229401837950186e+35 5.582323072757339188e-01
1.353351637364661927e-102 3.133259568392184873e+35 5.980060548381084251e-01
7.845469045100732508e-01 2.861545516596337683e+35 4.336562541081874222e-01
2.680784505798925054e-34 3.006451994172954513e+35 5.824015069185639604e-01
3.302975205441628335e-186 3.128046532968041996e+35 5.073261534041230147e-01
0.000000000000000000e+00 2.674602653319592642e+35 4.800631527108931151e-01
1.950320559314874802e-01 2.870184590750213194e+35 4.217507149604874384e-01
3.865928905014983122e-299 2.906634048349831088e+35 6.702706519129986162e-01
0.000000000000000000e+00 3.105759939290001144e+35 3.228525368768242476e-01
4.688682979033429704e-321 2.765237258629105430e+35 5.693005201092280476e-01
2.669912917309687751e-40 2.954489075004697605e+35 4.286607437064612336e-01
1.392033795487746046e-168 2.641231053072353200e+35 3.372225723252701424e-01
0.000000000000000000e+00 2.620641798670443160e+35 4.780094033461394498e-01
0.000000000000000000e+00 2.383972212055766773e+35 5.113841479438665516e-01
0.000000000000000000e+00 3.292737217415418977e+35 2.902068504751825762e-01
3.830464693387722853e-113 2.753103802747450220e+35 4.578450281784336995e-01
4.379283975331097729e-21 2.795062544053671884e+35 4.071353116847460374e-01
5.499692322818267219e-07 2.823881917802342502e+35 3.968170263565427569e-01
2.971079763080228082e-09 2.862797025201930467e+35 3.923637284889552879e-01
3.126105058770329225e-30 2.827511440890277665e+35 3.341959115300466854e-01
3.065358523279772143e-28 2.927579014023730814e+35 4.161558024558472124e-01
4.099922060841502371e-63 2.992207087361075487e+35 4.452530173147236647e-01
0.000000000000000000e+00 2.571185582436472373e+35 5.031486794237145510e-01
0.000000000000000000e+00 2.683445293089441082e+35 5.173606365551702835e-01
2.364416211784850629e-53 2.780829385167355857e+35 4.390706044875928860e-01
4.710615675845699273e-47 3.006433480418971541e+35 5.995186681051311028e-01
9.280974653838930733e-236 3.152960607180516555e+35 5.068655245177497992e-01
3.177812824487829943e-179 2.926587948169994419e+35 3.021383494785424562e-01
0.000000000000000000e+00 3.397285124209964605e+35 4.953699797441303287e-01
7.644675552350452137e-59 2.858235555240209540e+35 3.235585811228773312e-01
3.175104191557956408e-21 2.803172128944510085e+35 3.398355574695754999e-01
1.588959438707936992e-43 2.981337959806699964e+35 5.884844535373573438e-01
0.000000000000000000e+00 2.617767928195881592e+35 4.612717663893103892e-01
5.452297056583585660e-130 2.816369017521667494e+35 5.346483600293930882e-01
1.253940064959213295e-167 3.034106970950379919e+35 4.150369339086935616e-01
5.893858410997613904e-168 2.779359182196176594e+35 5.193850174135372644e-01
0.000000000000000000e+00 3.208398199765867328e+35 4.136824992779193910e-01
0.000000000000000000e+00 3.295726701437625669e+35 4.354755341049938444e-01
3.495409070838207715e-158 2.907846527835201955e+35 6.193721950089884354e-01
6.315236451386305378e-21 2.899351405281584362e+35 4.000576553446307249e-01
4.616230411408180559e-97 2.702807648747492550e+35 3.724332531574934269e-01
2.234153882196584888e-03 2.939767760809905957e+35 4.885607132467667535e-01
1.138896911241422228e-313 2.537213552130556671e+35 2.549463983636399700e-01
0.000000000000000000e+00 3.025941864150128458e+35 2.930378167894797103e-01
1.295187631237192342e-80 2.952212900339848006e+35 6.048894512273106372e-01
0.000000000000000000e+00 3.182527974867292700e+35 4.152400160603569312e-01
1.886306026817365726e-35 2.785719130997020923e+35 3.067581119650157895e-01
1.729314687948356813e-02 2.908714047681422310e+35 4.473180690353947275e-01
6.096551550526254885e-160 3.120537086783290642e+35 5.160477292737483124e-01
0.000000000000000000e+00 3.245885060223273571e+35 3.422167481704303515e-01
0.000000000000000000e+00 2.954518595792838645e+35 2.332475417175986221e-01
1.222326686845394231e-28 2.829553264322095588e+35 4.671282075617275709e-01
2.520281214092676076e-153 2.761640234869164808e+35 4.931359423008461196e-01
2.408597604139826579e-257 2.739404021865121297e+35 5.198583700452935608e-01
5.232928438415725711e-50 3.017645526718034389e+35 4.891914137081463942e-01
8.303365953167065830e-145 2.741514801130648914e+35 4.653143717621734399e-01
0.000000000000000000e+00 2.733120485985655345e+35 5.856700229173202876e-01
0.000000000000000000e+00 2.739792874158044770e+35 6.452660762284943008e-01
0.000000000000000000e+00 2.602771553777779067e+35 4.611542426359455105e-01
0.000000000000000000e+00 2.586478017823402270e+35 4.901181928226629458e-01
6.999151585359080219e-167 2.952707669571189287e+35 3.338689544163195300e-01
3.344517114188776651e-81 2.966647533500943649e+35 4.030831852546187255e-01
1.535755260467879001e-14 2.854106637461738061e+35 4.717550366415401153e-01
2.433967118072157731e+01 2.891504458749632319e+35 4.599879160349300555e-01
0.000000000000000000e+00 2.559884611638231131e+35 5.543199781928094261e-01
0.000000000000000000e+00 2.605707357587526696e+35 5.180369267069064865e-01
1.116769611183192482e-13 2.961457557589130549e+35 4.817972179220025852e-01
1.546094602509553079e-300 2.736130196078897966e+35 5.332276768802729494e-01
3.161516862649322427e-11 2.887738096608817299e+35 4.091091619388022016e-01
1.812070087842085718e-10 2.815731771612559120e+35 3.965575931252089958e-01
2.191458147533117299e-36 2.749107080052608051e+35 3.189387825720719771e-01
2.433416967647788659e-222 2.693468924775220699e+35 4.503740091721281091e-01
0.000000000000000000e+00 2.617855990111240350e+35 6.617971138505630568e-01
4.528016086473395079e-115 3.151845130691605748e+35 6.430223873910332344e-01
4.113474188168277936e-04 2.861465875507136348e+35 4.495174069283767726e-01
4.456291492897829697e-90 3.021294541480694344e+35 4.546316577749948684e-01
4.364098841741552918e-60 2.995902847457224503e+35 6.080893276930331437e-01
2.079951591259334074e-37 2.805367333773964179e+35 4.487872745465498747e-01
0.000000000000000000e+00 2.499153495307349280e+35 4.279597181575412468e-01
0.000000000000000000e+00 2.628275203928833242e+35 5.190146896677045874e-01
1.545772556332871496e-26 2.922104808002531800e+35 4.149646396859199005e-01
4.238460541610689751e-129 2.823790405137262940e+35 5.401031149603515713e-01
1.678128571046342333e-221 2.988294908283988544e+35 3.410661283923753229e-01
3.126205180870849477e-14 2.803376001164965127e+35 3.896143013557165635e-01
0.000000000000000000e+00 3.218842373744306569e+35 3.591240275662533898e-01
9.543088858771141073e-178 2.947788253134737432e+35 3.239270004933759717e-01
1.043298757789181711e-26 2.813385821660556412e+35 4.430642276320524431e-01
0.000000000000000000e+00 3.268472750473709609e+35 3.391295324530810840e-01
0.000000000000000000e+00 2.570619094937434078e+35 5.416792124413762899e-01
1.114571185848710987e-32 2.840275218630439884e+35 4.818061758791159499e-01
1.015084257429853245e-41 2.795070633620085769e+35 4.415194881312252129e-01
0.000000000000000000e+00 3.256677442663286476e+35 5.355490588011240227e-01
8.891809436470492212e-03 2.910929653703286573e+35 4.860329604279129967e-01
6.400232895929480024e-120 2.951920536805497094e+35 3.620447128487855881e-01
0.000000000000000000e+00 2.627135581523527539e+35 4.738015023015739735e-01
1.037421555212941530e-33 2.795049147643434204e+35 4.299452035120794879e-01
8.311954694151017508e-51 2.920769759159575020e+35 3.862491626524714450e-01
0.000000000000000000e+00 2.799231393785162004e+35 5.998117436913309453e-01
3.812599801879309617e-11 2.950723963249165703e+35 4.741458804252125514e-01
7.723666334417570476e-22 2.925265734794081297e+35 4.247212081892831614e-01
1.490586814335424493e-112 2.800137732959421073e+35 5.080311282990296329e-01
0.000000000000000000e+00 3.135763679629497763e+35 3.828818248191511731e-01
3.545840273179673863e-30 2.921367001735619256e+35 4.095060101770972572e-01
6.821663896941481341e-176 2.888809829647853554e+35 6.137167689962140793e-01
4.518135135909291639e-24 2.918856711943138336e+35 4.152875332525497454e-01
8.170658665033940455e-06 2.943216518958886692e+35 4.857463093157499689e-01
2.443114292063939007e-134 2.851650393510357485e+35 5.665485549302474722e-01
6.395972068876512445e-137 2.997080100565367916e+35 6.578016255486583974e-01
3.342372780652527477e-39 2.920651169865939087e+35 3.981748835448494783e-01
1.717143322439326986e-52 2.799920952060345036e+35 4.600598549816409810e-01
1.562164611148511559e-10 2.909147821913602875e+35 5.076630588762742757e-01
2.635586689685216348e-51 2.732886358322300018e+35 3.541993812151781329e-01
9.237531361358721550e-120 3.072321219315198739e+35 6.728813727729261451e-01
4.168645018272526947e-181 2.675597228787524770e+35 4.015843864646643224e-01
2.310707868914167151e-38 2.743947735164409916e+35 3.320241220590266495e-01
7.093667636545213668e-56 3.032405253986604450e+35 5.026537120721368268e-01
0.000000000000000000e+00 2.659757237977924718e+35 4.817625052269240982e-01
4.754841527096831602e-07 2.876304697810433196e+35 4.102062938217533872e-01
0.000000000000000000e+00 2.451632631306149317e+35 4.288625263080839689e-01
1.315963883792119385e-174 2.967350146307680655e+35 6.605840036431114282e-01
9.416751480167507709e-270 3.049561283591845152e+35 3.801760598244688927e-01
6.339637124860355639e-234 3.099859325724296882e+35 4.497700403990643747e-01
2.030531118789506576e-192 2.637814641675459119e+35 3.504516282863854304e-01
6.622073353500244852e-37 2.935697022642447979e+35 4.151898641063482276e-01
0.000000000000000000e+00 3.135486443303018424e+35 3.402970797377147805e-01
4.142631624946304931e-16 2.938817601447480797e+35 4.483042826857895347e-01
6.571612741074826107e-156 2.880113853046237537e+35 5.987235787559439526e-01
1.126582405006700670e-264 2.699401032349318730e+35 4.783176254431066865e-01
3.110584859968188625e-19 2.928239686796289731e+35 4.317555967345373391e-01
0.000000000000000000e+00 3.172092600089973420e+35 4.363800365013542626e-01
1.712319941437947511e-231 3.193980274810595394e+35 5.596641731946792042e-01
0.000000000000000000e+00 2.585740217332258268e+35 4.243473546809847785e-01
5.140645504199323908e-228 2.775603204475570389e+35 5.429538525372226143e-01
0.000000000000000000e+00 2.521596269776271791e+35 5.125970989859209848e-01
0.000000000000000000e+00 2.735695963936736588e+35 6.325761449243506584e-01
1.503453077312425862e-55 2.868944979434958826e+35 3.365837982127036776e-01
2.934050009493396742e-04 2.844770520109784929e+35 4.158399346990915291e-01
0.000000000000000000e+00 3.049279221735710946e+35 2.860396539867368082e-01
6.555744893676496563e-30 2.953558565262891781e+35 5.605336297447479632e-01
1.194801274242200769e-65 2.958091115536527856e+35 4.086208564369252505e-01
1.560349125421675269e-32 2.855069208737506975e+35 4.959527015495673874e-01
3.278404752388706181e-121 3.107905132118770813e+35 5.324729245498157626e-01
0.000000000000000000e+00 2.557863683940436009e+35 5.823015760159985232e-01
2.755341469640813780e-38 3.001357266745104195e+35 5.858557896076552751e-01
0.000000000000000000e+00 3.237593115514754555e+35 1.961868983344743911e-01
7.389940518933522353e-92 3.112645530305265975e+35 5.766439602561754807e-01
1.394701055121805003e-109 2.786280874543722166e+35 4.918653916471616983e-01
0.000000000000000000e+00 2.643266040274795001e+35 5.341338812248001000e-01
2.880854098882319690e-34 2.885595454997640248e+35 5.236957804614463807e-01
1.470224628424508279e-32 2.824932044795161844e+35 3.313357980385662760e-01
0.000000000000000000e+00 2.692600516932304864e+35 5.517640775717929102e-01
0.000000000000000000e+00 3.480277068796065510e+35 5.630071609185625103e-01
6.364257885535069552e-74 2.993119943418631886e+35 4.376428279720063763e-01
3.008453555934771607e-142 2.711803988622381343e+35 4.251058871307283882e-01
0.000000000000000000e+00 3.164555899431932589e+35 4.195584261972373774e-01
0.000000000000000000e+00 3.131210172595101550e+35 2.819465901550598508e-01
1.829944134134079581e-213 3.062001633357960687e+35 4.200737443279001782e-01
0.000000000000000000e+00 2.629689328531537909e+35 6.071268782072052339e-01
0.000000000000000000e+00 2.945346942485531379e+35 2.412177066881862064e-01
3.020251777253357281e-83 3.110601484092583414e+35 6.234775319436448582e-01
0.000000000000000000e+00 2.607295390077495000e+35 4.076795221394557966e-01
0.000000000000000000e+00 3.239872435573537633e+35 4.666762888227999895e-01
4.668066442292935121e-20 2.829200362848211560e+35 4.513096413062266388e-01
0.000000000000000000e+00 3.195239900176414017e+35 3.005275868716292820e-01
0.000000000000000000e+00 2.517384818255714866e+35 3.154730717243797167e-01
2.024715705664004959e-246 3.275512463848017614e+35 6.887988886615379336e-01
4.621528216948983602e-121 3.058743221017837809e+35 6.707795495074950765e-01
2.404334812064403023e-63 2.950524596468982194e+35 5.908081418960569042e-01
0.000000000000000000e+00 2.523596560401294861e+35 3.692988559341413568e-01
3.809370821240565482e-15 2.946770333322122082e+35 5.351332123048777589e-01
3.958344600401437867e-151 3.010234911535637104e+35 4.008180842732582128e-01
0.000000000000000000e+00 2.630609765112816703e+35 4.525508015918123794e-01
9.057724551241657885e-61 2.797892762656465014e+35 4.660582417256421972e-01
0.000000000000000000e+00 2.560337493522524685e+35 5.227844228690208261e-01
1.358582935955933031e-188 2.777737814337889350e+35 5.272837559460024082e-01
3.248136314453752394e-40 2.992700752852729126e+35 5.866438717448019258e-01
0.000000000000000000e+00 2.538078338134714337e+35 4.359957590667424832e-01
3.870330050566397629e-293 2.779902301776279329e+35 5.723096161745377941e-01
2.447887403014818992e-55 2.753351516104643655e+35 2.676574513933583921e-01
1.496264367957344792e-256 3.166386637027976041e+35 5.116833773152901221e-01
6.195852360826676274e-83 2.776033795443960505e+35 4.605803817123828581e-01
5.386784167158782311e-140 2.715992130968039951e+35 4.291116580792816992e-01
5.573090594635476134e-313 2.849472891003340913e+35 6.354542694953727588e-01
0.000000000000000000e+00 2.561651600259815002e+35 3.342395152932411961e-01
1.197898379037371922e-241 2.689105921531361728e+35 4.548858436560436203e-01
3.256123195504436452e-140 2.838065124486363414e+35 5.583950798823442696e-01
1.211363890569891439e-176 2.890270573932301273e+35 2.704798277010316276e-01
4.191694414231881882e-207 3.034995660403259688e+35 3.953364716989010152e-01
5.930593704701079117e-289 3.145853492575709930e+35 4.726156166517817558e-01
3.184016300627128243e-60 2.709034122693511374e+35 3.122203929426686786e-01
1.869052720004606342e-185 3.106934789733546654e+35 4.843159086766086197e-01
7.519126318673348970e-164 2.865924574017296206e+35 5.919256672302708466e-01
0.000000000000000000e+00 3.172559961993803192e+35 3.601939609288983268e-01
0.000000000000000000e+00 3.317557641194510220e+35 5.967293020833415174e-01
0.000000000000000000e+00 2.569621248777593751e+35 4.873189772511558604e-01
0.000000000000000000e+00 2.649642974942973078e+35 4.726613180860705921e-01
1.451853006419934159e-80 2.930579217136620896e+35 3.695976157732605016e-01
5.204192650095302780e-14 2.803889225405950348e+35 3.893064679606385026e-01
6.321514678303868863e-164 2.675598250184281669e+35 3.892025991915529781e-01
0.000000000000000000e+00 3.226922850084014265e+35 5.045599909206948119e-01
9.334557056226350193e-74 3.018861759741940851e+35 4.662808616852484600e-01
5.820756727257808868e-226 3.054791798628263066e+35 4.062418388447039397e-01
0.000000000000000000e+00 3.300255707778851065e+35 3.873987947647117291e-01
2.674344808835649298e-68 2.699762067185900404e+35 3.118432524708908415e-01
4.657696193689115050e-54 2.895248915727296859e+35 5.491833333566753517e-01
0.000000000000000000e+00 2.615803680004515352e+35 5.032733351542008071e-01
0.000000000000000000e+00 3.121869829453591572e+35 4.094786235217454107e-01
1.023878097113699444e-96 2.916188916739095917e+35 3.440992835379210746e-01
3.746404105060612005e-31 2.935017734554250898e+35 5.529032449671197336e-01
1.676589669872250166e-01 2.873698165409334375e+35 4.491621007689441947e-01
2.069835081554762437e-09 2.820281869943722864e+35 4.021044492515956081e-01
1.486991873474269094e-284 3.088015198432212446e+35 4.131925220802029619e-01
3.841427994138075893e-14 2.927427169702991823e+35 5.249225364986008779e-01
1.708179943866592625e-230 3.263178865207544513e+35 7.045830459818639424e-01
1.414252625980384889e-21 2.922107866831253751e+35 5.336644655858906461e-01
9.409213691731191071e-45 3.029241673186760722e+35 5.151324667433067050e-01
3.090025831229328231e-60 2.950937041206029038e+35 4.063555659396804742e-01
7.623811948110621499e-33 2.938196583137586383e+35 5.565165623235817094e-01
3.770181336190728804e-18 2.964825865470768948e+35 4.751319216620986108e-01
4.242644994212608484e-15 2.870000336533750193e+35 4.856645200451411015e-01
0.000000000000000000e+00 2.419481019733121543e+35 5.006648302480042334e-01
8.679809197945263447e-112 2.978093300295580018e+35 6.358965489773948931e-01
1.498853568861376302e-43 2.828356949614768121e+35 3.191576497797767864e-01
1.076621709564193974e-245 3.100903388136521881e+35 4.449930534402599114e-01
2.427642005147057025e-195 2.806877033897302647e+35 5.576157678003295093e-01
5.819874571193897305e-19 2.923104088161337869e+35 4.270989342106937814e-01
1.091464192307161620e-148 3.110144491641337404e+35 5.126034907496421766e-01
4.401418369175707793e-58 2.757072305886879897e+35 4.100715044994169833e-01
1.148308101669673248e-69 2.855917749614399102e+35 5.304484827137136982e-01
6.448419320774969919e-213 3.225702130085701132e+35 6.205933583054066283e-01
0.000000000000000000e+00 2.597616490093294220e+35 5.867963548763684978e-01
0.000000000000000000e+00 3.357513505793135697e+35 5.044943946931366163e-01
0.000000000000000000e+00 3.364188273475590562e+35 4.280664241006790771e-01
0.000000000000000000e+00 3.389233818760199231e+35 4.165399423613883045e-01
0.000000000000000000e+00 2.577749847922806245e+35 3.839281748369224867e-01
0.000000000000000000e+00 2.356354542917145366e+35 3.986698682454510867e-01
2.748501271635868844e-231 2.985428288678581367e+35 3.334886322541403270e-01
3.050952082266001537e-171 3.003488076460453375e+35 3.823833274760504164e-01
1.303697168870985326e-113 3.142560422375244772e+35 6.572746038949566216e-01
3.298489353103978454e-14 2.819773045345309347e+35 3.651547799018434182e-01
1.194834526693901740e-170 3.076155350162700963e+35 4.589741389286901008e-01
1.882649313136211912e-05 2.902184083652647358e+35 4.355659533300587083e-01
0.000000000000000000e+00 3.108991023844861171e+35 2.257410482649289118e-01
0.000000000000000000e+00 3.252508769602036705e+35 4.822414535089386556e-01
4.238012717494202861e-301 3.059910642529395168e+35 3.769816669690300159e-01
1.808953930271852380e-109 3.031815237665703421e+35 6.560534503013830676e-01
4.347697828873683031e-19 2.984031982533264323e+35 5.483778671349854861e-01
1.199743123683669105e-19 2.971303116725184685e+35 5.501981303154589442e-01
1.839455406858631945e-08 2.823464203402429644e+35 4.005869878332226075e-01
1.245329733388977697e-99 3.016536526364494814e+35 4.418455139798703746e-01
0.000000000000000000e+00 2.607517936610111938e+35 4.856083989756078689e-01
0.000000000000000000e+00 2.785640722750567112e+35 6.498535462406724861e-01
0.000000000000000000e+00 3.156074347902188034e+35 2.695857485884822213e-01
8.017295108060619177e-14 2.871671524035105458e+35 4.849499379204111893e-01
0.000000000000000000e+00 3.228366391722337743e+35 3.339379958046230223e-01
0.000000000000000000e+00 3.044882541432504366e+35 3.302901119160600585e-01
8.798793902265064211e-12 2.818332828800209888e+35 3.744301113583914931e-01
8.622113721793566289e-19 2.832726188439014929e+35 4.532344685565755649e-01
5.199058299377150584e-170 2.817115189933027070e+35 5.550675422581929919e-01
2.905739267548485168e-03 2.894460720696399127e+35 4.783966923999763421e-01
5.005719433359722663e-14 2.971049683230733654e+35 5.349408516253695289e-01
1.818280249238154523e-73 2.759377473007051679e+35 4.309787166051255447e-01
9.120716791922710352e-162 3.056116084407282012e+35 4.425764537241038687e-01
1.517070882742624784e-120 2.959157010071940854e+35 3.686685616060462189e-01
0.000000000000000000e+00 2.687799363083426005e+35 5.202270130465619369e-01
1.289268125321174775e-258 2.624805564086615444e+35 3.749298231569304640e-01
0.000000000000000000e+00 3.067147730571467788e+35 3.684987205568502899e-01
1.964362368384855741e-130 3.126318756092654260e+35 5.489672697788670064e-01
0.000000000000000000e+00 2.705749176419185017e+35 5.564117543016187106e-01
0.000000000000000000e+00 3.258127394420778843e+35 3.406538401473179767e-01
0.000000000000000000e+00 3.471462569892398933e+35 4.612437543551159980e-01
7.160918226190607054e-51 3.030495654855285535e+35 5.070633704925900931e-01
1.920169406683289399e-82 2.927240303578616197e+35 3.649978635373817282e-01
1.394010658023966635e-83 2.790419512988635623e+35 2.529285231137691770e-01
1.212037703892031155e-201 2.800328538296103024e+35 5.545279607437050284e-01
9.387215824553373299e-07 2.948126307017261727e+35 4.892424303957961240e-01
0.000000000000000000e+00 2.724103560799241456e+35 5.451834456479245361e-01
2.368512504076146371e-93 2.854078301553136835e+35 5.451568935352975043e-01
2.217137916768859250e-304 3.186294001656858638e+35 5.099427487183386676e-01
1.955745173028227491e-102 2.870232460043326877e+35 5.636455410267064980e-01
2.031197887846540506e-128 3.113298558888904112e+35 5.330704755614804613e-01
1.948835277855774881e-126 3.058706831492086211e+35 4.685760312116710735e-01
5.951944043524925328e-58 2.884477152675228133e+35 3.472322182148210312e-01
0.000000000000000000e+00 3.180647828849509975e+35 2.803577352324382321e-01
9.528255181002618983e-49 2.964628244989389896e+35 4.315151800386967107e-01
5.020360580314297124e-35 3.017237890406358295e+35 5.153792671333095043e-01
2.730697415992501778e-53 3.002250882110533426e+35 4.681433470007466124e-01
0.000000000000000000e+00 3.106143973166776619e+35 4.049038000446347763e-01
3.281463121983903969e-03 2.930074448564122470e+35 4.848247294148882447e-01
3.316729989164976870e-69 2.728065936025105742e+35 3.783237233253291532e-01
1.427834682918433389e-211 2.826091074720023575e+35 5.810038743729795119e-01
5.201853854612172855e-41 2.870389525451443901e+35 5.183484395316192428e-01
1.430503470041735103e-150 3.108864089046712498e+35 5.096597389328432204e-01
1.635661429421338825e-02 2.871451809535321070e+35 4.537382645186311958e-01
1.942257978421080923e-148 3.157969760616434624e+35 5.775366056185193830e-01
0.000000000000000000e+00 3.274748992564170259e+35 4.142527247954767011e-01
8.041166378217463356e-274 3.264852358648582105e+35 6.279524060237580141e-01
7.733308393332608637e-100 2.773164001049732431e+35 4.706002576930912729e-01
9.697005376353908931e-10 2.877027816363090110e+35 4.040747236588440039e-01
5.307071593088247481e-29 2.986827334552506768e+35 5.696614028868578483e-01
0.000000000000000000e+00 3.159079046872850127e+35 4.244795893054577052e-01
3.717507942794288849e-262 2.776698702903851467e+35 5.578283953233627024e-01
0.000000000000000000e+00 2.815869529902133841e+35 6.702199654740558232e-01
8.149940250382272343e-16 2.798628271467605181e+35 3.673583680053917888e-01
7.129659254998258487e-106 2.961033918189723110e+35 3.803445574017388364e-01
0.000000000000000000e+00 2.705281420785778204e+35 5.492125893986379292e-01
1.361208274423517297e-219 3.073538836445185121e+35 4.290572939975195732e-01
1.894929109832676418e-203 2.683339451629459379e+35 4.266183774876848300e-01
4.513815394950111953e-97 2.751344931234077842e+35 4.421336160591877174e-01
3.582782098704248019e-01 2.896361373016324958e+35 4.495187651569552689e-01
1.005760522681908638e-245 3.214286452427192587e+35 5.765479730371581013e-01
1.762836274226230644e-25 2.952247898023891577e+35 5.541665908287716213e-01
2.788235387081259707e-74 2.842224947442850894e+35 5.219287340968674638e-01
2.275459729576289973e-218 2.996459977026418828e+35 3.507209901018571996e-01
2.786530242544630509e-321 2.748084477186839653e+35 5.527197054558364853e-01
1.856799263715035833e-211 2.710501527202068998e+35 4.655751063434606096e-01
0.000000000000000000e+00 3.108313783363386839e+35 3.787736458677997131e-01
1.134137114548297311e-15 2.985082463068086925e+35 5.269511342450201585e-01
2.467722684776906913e-65 2.885183286480721348e+35 5.505974447876398337e-01
0.000000000000000000e+00 2.551469464479440521e+35 3.456270232222788952e-01
1.874619959222558208e-29 2.801259256936561653e+35 4.315148561874121436e-01
0.000000000000000000e+00 2.740820748037469320e+35 7.957250313164063726e-01
1.107269340503921743e-91 3.123392531831477531e+35 6.089182537315255273e-01
3.411350844199371905e-104 2.741773433633803900e+35 4.356846404445524623e-01
0.000000000000000000e+00 3.172972901481742454e+35 4.581097804252575179e-01
0.000000000000000000e+00 2.707453228616869302e+35 5.765052922069970887e-01
3.755655371112845601e-197 2.761297465117256597e+35 5.148655829544613871e-01
9.297526248874513954e-180 2.775623838701397030e+35 5.208934550295458710e-01
2.580940230073738329e-58 2.975672287927707186e+35 4.334586270841159772e-01
7.798830266098035377e-34 2.894338350485076041e+35 5.298134077031529943e-01
1.224342945903500934e-138 2.873475373209241796e+35 5.856194305847474135e-01
3.204290076427080424e-118 2.899991334881357670e+35 5.940595079262693812e-01
4.700733817036555592e-211 2.721860170746388081e+35 4.787432318889359162e-01
4.516497948706744160e-76 3.014948314604150807e+35 4.596819048900506188e-01
2.620153533953013522e-06 2.897727103885423910e+35 4.290697722216398891e-01
1.480888130772625307e-81 2.760981322773843812e+35 4.408802753007246000e-01
0.000000000000000000e+00 2.301739763567485215e+35 4.558056893369834550e-01
1.903365127383620811e-266 2.679056177352455578e+35 4.545170346020281360e-01
0.000000000000000000e+00 2.802353561579926184e+35 7.130523599595217643e-01
0.000000000000000000e+00 2.541535663804935050e+35 5.613292157899457679e-01
0.000000000000000000e+00 3.093482342390645392e+35 2.754932221773158663e-01
4.317238698223784680e-114 2.668209501955028048e+35 1.721735190068114374e-01
0.000000000000000000e+00 2.779366958372141518e+35 6.105919876945277158e-01
1.113181211856947625e-152 3.036282792063423796e+35 4.269586372193941992e-01
7.499039674932255553e-128 2.697984240443317511e+35 3.939578361340774215e-01
6.985066738306394844e-196 2.737437312443538664e+35 4.886933706328719929e-01
3.343742415282817182e-07 2.945362589638393939e+35 5.122017090620976099e-01
2.997361413139908260e-271 3.088305955793362278e+35 4.195293952782566116e-01
2.947924748965420242e-20 2.785866980226669043e+35 3.756173791315202681e-01
0.000000000000000000e+00 2.677818140051603051e+35 5.752126751171793284e-01
2.725871040910412826e-08 2.899040452658130818e+35 4.251109818592256895e-01
0.000000000000000000e+00 3.384665944242597659e+35 5.269453795155808473e-01
0.000000000000000000e+00 3.121942739862364117e+35 3.927459792211543954e-01
2.753010018237513572e-154 3.072086494964208562e+35 4.646633680228758889e-01
1.170210874614888142e-15 2.807558355021753609e+35 4.085810801332210307e-01
2.103218283051422450e-73 2.969553168629468462e+35 4.135066069126607791e-01
7.838187476980525034e-124 2.662012503089624807e+35 3.272343437895092189e-01
0.000000000000000000e+00 3.125326387356411403e+35 3.516398934048657887e-01
3.927957092421941801e-18 2.793447419473377417e+35 3.578354272068409725e-01
2.375650197355796588e-68 2.788130596988290697e+35 4.619351522718641023e-01
0.000000000000000000e+00 2.666653699680669340e+35 5.840597981758188784e-01
2.563114173650083425e-146 2.664511547111248758e+35 1.308861493599737802e-01
8.963980519927722160e-303 2.696017909062756380e+35 4.909396037735359042e-01
3.037008371258130560e-274 2.706870034307352961e+35 4.911757716557326736e-01
7.868846197567858219e-11 2.842042236658204271e+35 3.810036993146674877e-01
0.000000000000000000e+00 2.625223765638141722e+35 4.113904781016036738e-01
0.000000000000000000e+00 3.296768477883958607e+35 5.112757802039915589e-01
0.000000000000000000e+00 3.176362726762820590e+35 4.028844679515234950e-01
6.067159794009274761e-76 3.041294775865743886e+35 4.907775443781434155e-01
7.805559200800941955e-04 2.920222095357871340e+35 4.605844041504106312e-01
0.000000000000000000e+00 2.392072547848234500e+35 6.016903617847283448e-01
1.513568230204909668e-78 2.965363099333552587e+35 4.050245398902442284e-01
3.907391653282058509e-23 2.903692770062675991e+35 4.026968830593480875e-01
2.305666063361486223e-38 2.815896393245883126e+35 3.180652958136030994e-01
1.336930756397355861e-204 2.921437549059409112e+35 2.846429164605912554e-01
4.610072089101457969e-61 2.815607470238730059e+35 4.856123379881086555e-01
3.561211122427694692e-249 3.218818701579385185e+35 5.802202618055329886e-01
1.452558329347490245e-226 3.201781737764947006e+35 5.732420254635329782e-01
6.287154845836224515e-73 2.772186190194583850e+35 4.469889521793085629e-01
8.768157821927865893e-07 2.851245295606787778e+35 3.972025753320888031e-01
1.037537856266617743e-322 2.707892553669128564e+35 5.121164749655108261e-01
0.000000000000000000e+00 2.550080573151723380e+35 2.977583716953036141e-01
0.000000000000000000e+00 2.419490310616967041e+35 4.124138229014702173e-01
5.705415852071432963e-207 3.058690961229727158e+35 4.199766367580213822e-01
4.967832559499363914e-27 3.012858736216522286e+35 5.318761606777790973e-01
1.467374968148502236e-321 2.627671301562313723e+35 4.129118555669527568e-01
0.000000000000000000e+00 2.552442791953373164e+35 3.804299102519637654e-01
0.000000000000000000e+00 2.604592348789013186e+35 5.706912776731301040e-01
3.457544082869019967e-27 2.787081079315072778e+35 4.051531238351158137e-01
4.079481771023079995e-33 3.015758473583779806e+35 5.173597325743581887e-01
4.708429329865046282e-201 3.150077404706522072e+35 5.249611822567714636e-01
5.712061261021403467e-31 2.789343754491374363e+35 4.168673966635688122e-01
7.387505175486185479e-40 2.977393350117485216e+35 4.554982849971137560e-01
8.393423118960478556e-135 3.070719189062826760e+35 4.762297672050118669e-01
1.266761910689709447e+00 2.891778635578491214e+35 4.528724717508054720e-01
6.890064197540230937e-16 2.837842051773079736e+35 4.535300709403598529e-01
9.954337144682425565e-140 2.888491919533671221e+35 5.969713150186767292e-01
1.141808945116945199e-12 2.810188506401307799e+35 3.755788467825276755e-01
0.000000000000000000e+00 3.082821767492056235e+35 3.302979232282055588e-01
0.000000000000000000e+00 3.194018527275882125e+35 4.841583166102876312e-01
3.684259649079740395e-32 2.861946714528555824e+35 3.567837615599129819e-01
6.182464373396885523e-94 2.977581780776275776e+35 4.054847990316265971e-01
0.000000000000000000e+00 3.216556361457122800e+35 4.102004790780667265e-01
9.982466788531885676e-80 3.041746365734222724e+35 4.876365625191398379e-01
8.458208186982676484e-39 3.036765263203791294e+35 5.786315983024431508e-01
0.000000000000000000e+00 2.478359241321588497e+35 5.337827176069689372e-01
0.000000000000000000e+00 2.406109274584976646e+35 4.943554288930119833e-01
2.751098480529644897e-106 2.814890780451327158e+35 5.183803295737825501e-01
1.776438317032417700e-91 3.123509067365834145e+35 6.207996269219364649e-01
2.584043716345868818e-94 2.972678127374857526e+35 6.230360569624610045e-01
0.000000000000000000e+00 2.757039472243948900e+35 6.466026978494990862e-01
0.000000000000000000e+00 2.569884274406233702e+35 3.321173009902396167e-01
2.458914989046160852e-136 2.871879606856510261e+35 2.778328936867162646e-01
0.000000000000000000e+00 2.613853822265220826e+35 4.876377641984490641e-01
7.164482229630580188e-05 2.921293611077125013e+35 4.578104437301205309e-01
2.505411673658891863e-100 2.932345397952620692e+35 3.566647719318253862e-01
3.527615285495994818e-02 2.885781061907746943e+35 4.661150943155419335e-01
0.000000000000000000e+00 2.570028784229568238e+35 4.715015893968455551e-01
1.028358882573275671e-155 2.638665983912293034e+35 3.178508547128959805e-01
4.653384589466050394e-81 3.000235600433155665e+35 4.392399482722759152e-01
5.693309671222371151e-09 2.960128762186859704e+35 5.118659147603540349e-01
6.213915730170685285e-05 2.845998816894054106e+35 4.295756560111677058e-01
4.994788845803992309e-188 2.759816941428441482e+35 5.088160347187667965e-01
1.349806739731204151e-286 3.276648835806680953e+35 6.360718461554050185e-01
1.071837147477279438e-196 2.759507719327724024e+35 5.127510654566307391e-01
0.000000000000000000e+00 2.600854230674731150e+35 5.465055718700714271e-01
0.000000000000000000e+00 2.592011492357675269e+35 5.513058186879278288e-01
9.200206079773955866e-08 2.903698174852680945e+35 4.308547522729993529e-01
3.680827098374799216e-101 3.108282310280686614e+35 5.547269947451701766e-01
0.000000000000000000e+00 2.885202626632096926e+35 7.854310892284663836e-01
0.000000000000000000e+00 2.512365674431862073e+35 6.308574697635448425e-01
1.372474637305766492e-223 2.910874969904215332e+35 2.651367576077949817e-01
8.932265922737701516e-237 2.759411021225211227e+35 5.308609572091292916e-01
