0
1.391169520754933231e+01
1.543348549864116492e+01
1.633033899978827819e+01
1.697119145803450735e+01
1.747166642877185794e+01
1.788326814534934428e+01
1.823347250349708659e+01
1.853868181158663120e+01
1.880947729981258831e+01
1.905308497432546844e+01
1.927465991698938907e+01
1.947800939243319007e+01
1.966602552019356054e+01
1.984095714543942179e+01
2.000458768681503230e+01
2.015835546978270898e+01
2.030343751579474443e+01
2.044080934605534239e+01
2.057128859498947193e+01
2.069556742418879836e+01
2.081423702012254395e+01
2.092780638805352922e+01
2.103671696519785783e+01
2.114135412184461060e+01
2.124205631340513278e+01
2.133912243666830122e+01
2.143281779722899572e+01
2.152337899136031396e+01
2.161101793104322510e+01
2.169592518654899393e+01
2.177827278091287511e+01
2.185821654076167064e+01
2.193589808544318842e+01
2.201144651927061702e+01
2.208497987853670352e+01
2.215660637476127803e+01
2.222642546767977834e+01
2.229452879522244402e+01
2.236100098277718828e+01
2.242592035007691820e+01
2.248935953088065176e+01
2.255138601805827747e+01
2.261206264461125315e+01
2.267144800946592298e+01
2.272959685548604014e+01
2.278656040600487032e+01
2.284238666522875505e+01
2.289712068707502013e+01
2.295080481634862579e+01
2.300347890560955122e+01
2.305518051061821794e+01
2.310594506685392346e+01
2.315580604926838149e+01
2.320479511715365462e+01
2.325294224576233759e+01
2.330027584611130820e+01
2.334682287422298330e+01
2.339260893090541416e+01
2.343765835304070677e+01
2.348199429723728926e+01
2.352563881660255518e+01
2.356861293130630131e+01
2.361093669353015301e+01
2.365262924733292138e+01
2.369370888390404062e+01
2.373419309262675725e+01
2.377409860832878863e+01
2.381344145505823562e+01
2.385223698668910330e+01
2.389049992462890160e+01
2.392824439287499061e+01
2.396548395064104042e+01
2.400223162275468880e+01
2.403849992800739344e+01
2.407430090562117542e+01
2.410964613998136841e+01
2.414454678377078167e+01
2.417901357962881903e+01
2.421305688044764182e+01
2.424668666840795694e+01
2.427991257284792326e+01
2.431274388705069001e+01
2.434518958402888344e+01
2.437725833137765008e+01
2.440895850526213806e+01
2.444029820359981997e+01
2.447128525849306513e+01
2.450192724796321286e+01
2.453223150703306388e+01
2.456220513820125362e+01
2.459185502134851831e+01
2.462118782311281606e+01
2.465021000576748023e+01
2.467892783563408798e+01
2.470734739105929734e+01
2.473547456998278093e+01
2.476331509712155921e+01
2.479087453079391778e+01
2.481815826940487923e+01
2.484517155761323082e+01
2.487191949219907272e+01
2.489840702764925240e+01
2.492463898147711987e+01
2.495062003929175276e+01
2.497635475963094009e+01
2.500184757857108409e+01
2.502710281412651838e+01
2.505212467044978197e+01
2.507691724184367743e+01
2.510148451659544477e+01
2.512583038064227381e+01
2.514995862107741331e+01
2.517387292950498434e+01
2.519757690525155525e+01
2.522107405844172590e+01
2.524436781294476262e+01
2.526746150919874268e+01
2.529035840691838288e+01
2.531306168769235754e+01
2.533557445747547732e+01
2.535789974898093035e+01
2.538004052397745980e+01
2.540199967549581928e+01
2.542378002994923136e+01
2.544538434917141601e+01
2.546681533237650186e+01
2.548807561804406774e+01
2.550916778573305166e+01
2.553009435782763248e+01
2.555085780121805428e+01
2.557146052891964061e+01
2.559190490163242160e+01
2.561219322924413788e+01
2.563232777227912962e+01
2.565231074329543404e+01
2.567214430823228000e+01
2.569183058771017514e+01
2.571137165828554672e+01
2.573076955366191854e+01
2.575002626585932930e+01
2.576914374634386107e+01
2.578812390711883396e+01
2.580696862177920892e+01
2.582567972653085420e+01
2.584425902117585494e+01
2.586270827006546469e+01
2.588102920302177878e+01
2.589922351622948682e+01
2.591729287309889074e+01
