0
1.404322942976041944e+01
1.556525822758790767e+01
1.646237012668457922e+01
1.710350040657366932e+01
1.760427215772414300e+01
1.801618915135368226e+01
1.836672682404504897e+01
1.867228702819624075e+01
1.894345054138888074e+01
1.918744292070413948e+01
1.940941880265929242e+01
1.961318501043313134e+01
1.980163322617821464e+01
1.997701186190885991e+01
2.014110390750212431e+01
2.029534726419212731e+01
2.044091853388727387e+01
2.057879282307073154e+01
2.070978735640105484e+01
2.083459389078284474e+01
2.095380321319515460e+01
2.106792393471794966e+01
2.117739710379475682e+01
2.128260770744804731e+01
2.138389382341684453e+01
2.148155397649299303e+01
2.157585310602314976e+01
2.166702744784743473e+01
2.175528855938820172e+01
2.184082666228463765e+01
2.192381343691134177e+01
2.200440437324423115e+01
2.208274076002143360e+01
2.215895137701257411e+01
2.223315394205142681e+01
2.230545635429576024e+01
2.237595776722202956e+01
2.244474951860494016e+01
2.251191593977500460e+01
2.257753506249512654e+01
2.264167923862561693e+01
2.270441568518800679e+01
2.276580696535968329e+01
2.282591141423685954e+01
2.288478351681208167e+01
2.294247424446724537e+01
2.299903135533407905e+01
2.305449966308527721e+01
2.310892127806072338e+01
2.316233582408114344e+01
2.321478063383673529e+01
2.326629092534580323e+01
2.331689996164579881e+01
2.336663919559623892e+01
2.341553840143150111e+01
2.346362579449504793e+01
2.351092814040915968e+01
2.355747085478178704e+01
2.360327809441993097e+01
2.364837284090566882e+01
2.369277697729097198e+01
2.373651135858234440e+01
2.377959587661043273e+01
2.382204951981465157e+01
2.386389042841519981e+01
2.390513594539428865e+01
2.394580266366419963e+01
2.398590646976056107e+01
2.402546258436467141e+01
2.406448559992801606e+01
2.410298951564537262e+01
2.414098776999822960e+01
2.417849327106941715e+01
2.421551842481038008e+01
2.425207516142554098e+01
2.428817496002310961e+01
2.432382887166791008e+01
2.435904754095953351e+01
2.439384122624831619e+01
2.442821981859156111e+01
2.446219285954362377e+01
2.449576955786542598e+01
2.452895880523167804e+01
2.456176919100768075e+01
2.459420901616136135e+01
2.462628630637110305e+01
2.465800882438491115e+01
2.468938408168196830e+01
2.472041934948373054e+01
2.475112166915795697e+01
2.478149786205567651e+01
2.481155453881811823e+01
2.484129810818784634e+01
2.487073478535571169e+01
2.489987059987281626e+01
2.492871140315495282e+01
2.495726287560427537e+01
2.498553053337204588e+01
2.501351973478383783e+01
2.504123568644766706e+01
2.506868344906358814e+01
2.509586794295252687e+01
2.512279395332049248e+01
2.514946613527348163e+01
2.517588901859717865e+01
2.520206701231481006e+01
2.522800440903550978e+01
2.525370538910478402e+01
2.527917402456787599e+01
2.530441428295622686e+01
2.532943003090662515e+01
2.535422503762174884e+01
2.537880297818069053e+01
2.540316743670713961e+01
2.542732190940275316e+01
2.545126980745246570e+01
2.547501445980843116e+01
2.549855911585859403e+01
2.552190694798569481e+01
2.554506105402217386e+01
2.556802445960605397e+01
2.559080012044262631e+01
2.561339092447645172e+01
2.563579969397817493e+01
2.565802918754983253e+01
2.568008210205283248e+01
2.570196107446208700e+01
2.572366868364960979e+01
2.574520745210110917e+01
2.576657984756823438e+01
2.578778828465975792e+01
2.580883512637420907e+01
2.582972268557661621e+01
2.585045322642186605e+01
2.587102896572695343e+01
2.589145207429438145e+01
2.591172467818883618e+01
2.593184885996906175e+01
2.595182665987691095e+01
2.597166007698536205e+01
2.599135107030719993e+01
2.601090155986594610e+01
2.603031342773070733e+01
2.604958851901635697e+01
2.606872864285039171e+01
2.608773557330794901e+01
2.610661105031613616e+01
2.612535678052891441e+01
2.614397443817376043e+01
