0.000000000000000000e+00 9.390863189049999948e-02 1.886466579630000240e+01 1.179529061159999975e-01 5.516717932950000458e-01
0.000000000000000000e+00 1.009150000000000047e-01 1.914859087760000023e+01 1.673334816769999900e-01 1.284189422460000063e-01
0.000000000000000000e+00 1.027150339350000052e-01 1.917910487099999983e+01 1.198925084209999936e-01 5.516717932950000458e-01
0.000000000000000000e+00 1.067123401030000002e-01 1.932851218350000266e+01 1.176214292849999954e-01 8.675769334430000201e-01
0.000000000000000000e+00 1.086382655239999939e-01 1.934234548010000054e+01 1.194896548569999994e-01 5.516717932950000458e-01
0.000000000000000000e+00 1.130426446370000060e-01 1.924329940980000231e+01 1.192374377170000027e-01 5.516717932950000458e-01
0.000000000000000000e+00 1.147126208700000038e-01 1.936094039820000035e+01 1.133723284280000049e-01 1.000000000000000000e+00
0.000000000000000000e+00 1.163485025989999949e-01 1.943798344729999883e+01 1.122961171349999981e-01 1.000000000000000000e+00
0.000000000000000000e+00 1.172773628889999947e-01 1.943777910699999723e+01 1.137025961539999963e-01 5.516717932950000458e-01
0.000000000000000000e+00 1.176253287640000034e-01 1.927126379029999725e+01 1.136099628360000002e-01 7.418670000540000263e-07
0.000000000000000000e+00 1.196715380060000000e-01 1.944738339999999965e+01 1.107400336340000069e-01 5.516717932950000458e-01
0.000000000000000000e+00 1.228288999700000023e-01 1.949163498299999731e+01 1.210654391299999938e-01 5.516717932950000458e-01
0.000000000000000000e+00 1.241000000000000020e-01 1.951387867799999754e+01 1.116142465620000024e-01 1.284189422460000063e-01
0.000000000000000000e+00 1.242735287719999998e-01 1.941183218319999781e+01 1.111348588759999978e-01 2.991174388800000097e-02
0.000000000000000000e+00 1.243999999999999967e-01 1.973663379339999580e+01 1.642686875050000106e-01 1.284189422460000063e-01
0.000000000000000000e+00 1.264731619009999974e-01 1.940231445829999757e+01 1.192007946490000053e-01 5.860558355620000270e-01
0.000000000000000000e+00 1.266879890900000083e-01 1.960705371439999567e+01 1.239373080709999936e-01 5.516717932950000458e-01
0.000000000000000000e+00 1.287267354670000030e-01 1.955607058900000084e+01 1.095133402570000053e-01 5.516717932950000458e-01
0.000000000000000000e+00 1.292782066339999980e-01 1.960984623110000058e+01 1.344026156260000049e-01 2.584999991839999811e-09
0.000000000000000000e+00 1.298999999999999877e-01 1.967103075120000000e+01 1.294449515499999925e-01 1.284189422460000063e-01
0.000000000000000000e+00 1.417879991260000139e-01 1.996565661510000211e+01 1.195219826930000034e-01 5.516717932950000458e-01
0.000000000000000000e+00 1.424046523999999980e-01 1.980832253330000015e+01 1.136611939859999976e-01 8.304020426570000168e-01
0.000000000000000000e+00 1.437059069999999938e-01 1.987761593660000159e+01 1.163119675470000031e-01 3.729209253770000010e-01
0.000000000000000000e+00 1.441000000000000059e-01 1.952788758069999631e+01 1.567774918350000046e-01 1.284189422460000063e-01
0.000000000000000000e+00 1.446210859719999908e-01 1.998267505519999787e+01 1.127270244870000049e-01 1.000000000000000000e+00
0.000000000000000000e+00 1.456685472610000087e-01 1.974856098520000103e+01 1.257501262490000049e-01 5.516717932950000458e-01
0.000000000000000000e+00 1.462902960680000086e-01 2.025085483099999806e+01 1.202487354740000014e-01 5.516717932950000458e-01
0.000000000000000000e+00 1.470251382680000107e-01 1.999542924899999718e+01 1.116572967379999975e-01 4.300004796680000306e-11
0.000000000000000000e+00 1.518578946649999928e-01 1.984763364119999807e+01 1.138473119380000037e-01 9.898886217529999643e-01
0.000000000000000000e+00 1.546320972390000104e-01 2.001579551169999860e+01 1.120473936670000059e-01 9.999974549640000543e-01
0.000000000000000000e+00 1.552473282210000138e-01 2.000916568809999774e+01 1.154157558649999971e-01 5.516717932950000458e-01
0.000000000000000000e+00 1.560999999999999888e-01 1.992109930440000198e+01 8.414412367260000469e-02 1.284189422460000063e-01
0.000000000000000000e+00 1.590000000000000024e-01 2.010820937749999615e+01 2.426280078120000017e-01 5.516717932950000458e-01
0.000000000000000000e+00 1.598899377480000050e-01 2.004242980840000143e+01 1.147470577690000021e-01 9.999686042619999604e-01
0.000000000000000000e+00 1.608618546360000012e-01 2.001102117139999592e+01 1.186448998099999957e-01 9.999778782800000689e-13
0.000000000000000000e+00 1.637958949870000069e-01 2.008640834300000222e+01 1.131348723070000062e-01 1.000000000000000000e+00
0.000000000000000000e+00 1.706283967489999887e-01 2.016674539819999978e+01 1.163766252670000029e-01 5.516717932950000458e-01
0.000000000000000000e+00 1.719999999999999862e-01 1.999407128850000248e+01 4.297091206349999970e-01 5.516717932950000458e-01
0.000000000000000000e+00 1.727422305559999927e-01 2.019478142429999679e+01 1.134580159159999935e-01 5.516717932950000458e-01
0.000000000000000000e+00 1.739100565660000042e-01 2.022378638749999880e+01 1.289677758149999909e-01 5.516717932950000458e-01
0.000000000000000000e+00 1.776006949770000121e-01 2.076252113319999637e+01 1.248141550299999986e-01 1.000000000000000000e+00
0.000000000000000000e+00 1.779999999999999916e-01 2.014663610320000231e+01 2.357460480949999937e-01 5.516717932950000458e-01
0.000000000000000000e+00 1.796856407699999880e-01 2.041280522729999802e+01 1.169848803419999972e-01 1.000000000000000000e+00
0.000000000000000000e+00 1.799999999999999933e-01 2.088136259830000085e+01 4.454475608669999920e-01 5.516717932950000458e-01
0.000000000000000000e+00 1.801197799679999934e-01 2.033042298569999673e+01 1.155602547179999939e-01 5.516717932950000458e-01
0.000000000000000000e+00 1.809999999999999942e-01 2.037473379939999774e+01 2.270885143539999873e-01 5.516717932950000458e-01
0.000000000000000000e+00 1.822182395599999949e-01 2.028566412600000035e+01 1.193344637039999989e-01 5.516717932950000458e-01
0.000000000000000000e+00 1.825489133969999955e-01 2.047586684560000236e+01 1.140831369739999934e-01 9.862260430129999866e-01
0.000000000000000000e+00 1.835684048769999910e-01 2.040264108550000088e+01 1.237757347420000015e-01 5.516717932950000458e-01
0.000000000000000000e+00 1.858124467099999955e-01 2.051594286659999966e+01 1.206677574810000042e-01 5.516717932950000458e-01
0.000000000000000000e+00 1.859999999999999987e-01 2.040401320760000203e+01 1.890431394869999948e-01 5.516717932950000458e-01
0.000000000000000000e+00 1.888531753869999996e-01 2.048388276840000088e+01 1.197418605050000057e-01 7.820839400000000519e-05
0.000000000000000000e+00 1.897065669509999941e-01 2.063140779309999573e+01 1.196827922289999957e-01 5.516717932950000458e-01
0.000000000000000000e+00 1.921499800439999961e-01 2.073106316039999797e+01 1.210874432020000030e-01 1.229231542999999899e-03
0.000000000000000000e+00 1.943165121419999919e-01 2.065336532370000100e+01 1.263738449229999949e-01 5.516717932950000458e-01
0.000000000000000000e+00 1.967160685790000085e-01 2.061626266089999859e+01 1.349831535980000052e-01 5.516717932950000458e-01
0.000000000000000000e+00 2.006117199280000041e-01 2.054423710409999870e+01 1.328673643839999863e-01 1.000000000000000000e+00
0.000000000000000000e+00 2.026086798969999880e-01 2.065960453759999638e+01 1.288073311269999910e-01 1.000000000000000000e+00
0.000000000000000000e+00 2.049796853489999904e-01 2.071634551679999703e+01 1.235269429370000061e-01 5.516717932950000458e-01
0.000000000000000000e+00 2.049999999999999878e-01 2.059561471690000189e+01 2.172720037850000008e-01 5.516717932950000458e-01
0.000000000000000000e+00 2.109383950610000114e-01 2.067578301620000047e+01 1.208187705769999953e-01 5.516717932950000458e-01
0.000000000000000000e+00 2.115869814999999932e-01 2.125216897459999643e+01 1.593247338850000139e-01 5.516717932950000458e-01
0.000000000000000000e+00 2.116295984930000040e-01 2.067195003309999635e+01 1.152351807149999963e-01 5.516717932950000458e-01
0.000000000000000000e+00 2.125487650940000028e-01 2.077943855950000085e+01 1.315769628100000033e-01 5.516717932950000458e-01
0.000000000000000000e+00 2.129999999999999949e-01 2.080088648519999595e+01 2.233526109500000023e-01 5.516717932950000458e-01
0.000000000000000000e+00 2.145682586579999995e-01 2.089369494809999850e+01 1.169874457800000045e-01 5.516717932950000458e-01
0.000000000000000000e+00 2.149999999999999967e-01 2.106990295539999636e+01 1.939339977669999882e-01 5.516717932950000458e-01
0.000000000000000000e+00 2.155433209529999949e-01 2.098837470579999831e+01 1.402076573419999972e-01 5.516717932950000458e-01
0.000000000000000000e+00 2.159999999999999976e-01 2.109675422549999979e+01 2.152117747700000028e-01 5.516717932950000458e-01
0.000000000000000000e+00 2.159999999999999976e-01 2.124789188069999568e+01 2.440998606550000005e-01 5.516717932950000458e-01
0.000000000000000000e+00 2.165828219539999988e-01 2.105211698529999609e+01 1.524798389329999893e-01 5.516717932950000458e-01
0.000000000000000000e+00 2.179999999999999993e-01 2.076725270339999696e+01 2.222227378230000050e-01 5.516717932950000458e-01
0.000000000000000000e+00 2.183474454029999956e-01 2.091269511990000041e+01 1.244215029530000016e-01 5.516717932950000458e-01
0.000000000000000000e+00 2.185851890409999942e-01 2.089094273890000153e+01 1.171139509530000067e-01 5.516717932950000458e-01
0.000000000000000000e+00 2.285284738810000049e-01 2.094627892079999754e+01 1.220113713200000061e-01 5.516717932950000458e-01
0.000000000000000000e+00 2.327811071820000133e-01 2.089637437249999863e+01 1.517883678399999936e-01 5.516717932950000458e-01
0.000000000000000000e+00 2.389999999999999902e-01 2.095097406210000202e+01 2.041679296749999983e-01 5.516717932950000458e-01
0.000000000000000000e+00 2.399999999999999911e-01 2.143403686370000116e+01 4.028441598729999851e-01 5.516717932950000458e-01
0.000000000000000000e+00 2.425046804759999897e-01 2.082229183589999622e+01 1.509150566630000079e-01 5.516717932950000458e-01
0.000000000000000000e+00 2.443788767969999887e-01 2.089377567599999708e+01 1.243099006980000060e-01 5.516717932950000458e-01
0.000000000000000000e+00 2.485081306759999997e-01 2.096401996600000217e+01 1.256455893279999902e-01 5.516717932950000458e-01
0.000000000000000000e+00 2.485999999999999877e-01 2.130303062509999990e+01 1.545159553849999867e-01 5.516717932950000458e-01
0.000000000000000000e+00 2.495110547920000033e-01 2.147276961499999715e+01 1.323230474659999878e-01 5.516717932950000458e-01
0.000000000000000000e+00 2.506676311100000110e-01 2.143744830859999695e+01 1.209709596609999938e-01 5.516717932950000458e-01
0.000000000000000000e+00 2.517401864239999787e-01 2.123356704209999890e+01 1.184401106819999994e-01 5.516717932950000458e-01
0.000000000000000000e+00 2.524860600289999812e-01 2.121026636229999696e+01 1.450501956689999872e-01 5.516717932950000458e-01
0.000000000000000000e+00 2.554906200220000145e-01 2.117778990829999941e+01 1.509673732779999999e-01 5.516717932950000458e-01
0.000000000000000000e+00 2.564757427250000110e-01 2.130268918249999643e+01 1.562862253910000110e-01 5.516717932950000458e-01
0.000000000000000000e+00 2.574978882969999883e-01 2.128600987569999603e+01 1.313935913189999971e-01 5.516717932950000458e-01
0.000000000000000000e+00 2.577403035090000127e-01 2.134332367790000262e+01 1.358910557809999975e-01 5.516717932950000458e-01
0.000000000000000000e+00 2.580282705620000061e-01 2.133652414889999704e+01 1.371084987819999879e-01 5.516717932950000458e-01
0.000000000000000000e+00 2.600000000000000089e-01 2.151521105309999626e+01 1.998517359710000052e-01 5.516717932950000458e-01
0.000000000000000000e+00 2.605334769529999983e-01 2.149997942350000102e+01 1.482793488570000040e-01 5.516717932950000458e-01
0.000000000000000000e+00 2.605861083170000203e-01 2.121501295990000102e+01 1.415950518029999994e-01 5.516717932950000458e-01
0.000000000000000000e+00 2.630000000000000115e-01 2.132651740080000025e+01 1.345678328450000127e-01 0.000000000000000000e+00
0.000000000000000000e+00 2.634910265920000216e-01 2.145916789070000164e+01 1.272930801390000088e-01 5.516717932950000458e-01
0.000000000000000000e+00 2.636479506419999730e-01 2.124002095069999996e+01 1.398236203659999899e-01 5.516717932950000458e-01
0.000000000000000000e+00 2.657624795180000277e-01 2.118999520389999702e+01 1.248039422420000044e-01 5.516717932950000458e-01
0.000000000000000000e+00 2.660000000000000142e-01 2.108255267340000216e+01 2.502271671940000108e-01 5.516717932950000458e-01
0.000000000000000000e+00 2.690000000000000169e-01 2.146800701369999587e+01 2.564006385300000024e-01 5.516717932950000458e-01
0.000000000000000000e+00 2.704344428270000211e-01 2.136082911820000163e+01 1.454779288240000135e-01 5.516717932950000458e-01
0.000000000000000000e+00 2.710000000000000187e-01 2.122414735270000108e+01 2.152670006899999877e-01 5.516717932950000458e-01
0.000000000000000000e+00 2.734547688839999990e-01 2.141900352630000270e+01 1.636682709479999887e-01 5.516717932950000458e-01
0.000000000000000000e+00 2.740000000000000213e-01 2.141649592979999994e+01 2.086709205729999905e-01 5.516717932950000458e-01
0.000000000000000000e+00 2.754401974349999782e-01 2.143523708419999707e+01 1.429416158210000121e-01 5.516717932950000458e-01
0.000000000000000000e+00 2.778534226189999790e-01 2.152985373370000133e+01 1.689942075160000001e-01 5.516717932950000458e-01
0.000000000000000000e+00 2.780000000000000249e-01 2.125808585170000242e+01 1.984529878129999980e-01 5.516717932950000458e-01
0.000000000000000000e+00 2.789246763279999985e-01 2.145967504769999579e+01 1.301570441830000036e-01 5.516717932950000458e-01
0.000000000000000000e+00 2.794547326099999784e-01 2.119312964870000116e+01 1.387247329090000036e-01 5.516717932950000458e-01
0.000000000000000000e+00 2.839999999999999747e-01 2.152722786599999694e+01 2.066160213040000027e-01 5.516717932950000458e-01
0.000000000000000000e+00 2.849999999999999756e-01 2.154608875499999954e+01 1.365941302760000087e-01 5.699996030730000135e-11
0.000000000000000000e+00 2.859999999999999765e-01 2.190297612589999687e+01 2.581446210200000202e-01 5.516717932950000458e-01
0.000000000000000000e+00 2.866187065219999996e-01 2.173025292900000238e+01 1.338002756459999998e-01 5.516717932950000458e-01
0.000000000000000000e+00 2.884183445849999861e-01 2.153463064089999790e+01 1.495987821189999900e-01 5.516717932950000458e-01
0.000000000000000000e+00 2.912000000000000144e-01 2.153090955969999953e+01 1.466245031779999930e-01 5.691513851000000110e-03
0.000000000000000000e+00 2.924697560819999875e-01 2.161089393620000010e+01 1.414006265420000019e-01 5.516717932950000458e-01
0.000000000000000000e+00 2.955855500630000243e-01 2.182890498399999757e+01 2.150648762190000007e-01 5.516717932950000458e-01
0.000000000000000000e+00 2.975188335610000068e-01 2.146405029579999990e+01 2.051858269169999915e-01 5.516717932950000458e-01
0.000000000000000000e+00 2.984092736300000270e-01 2.175424551580000099e+01 2.158185964700000126e-01 5.516717932950000458e-01
0.000000000000000000e+00 2.987774440879999993e-01 2.172120326399999612e+01 1.545369358149999983e-01 5.516717932950000458e-01
0.000000000000000000e+00 2.999999999999999889e-01 2.165464043440000097e+01 3.148655719119999863e-01 5.516717932950000458e-01
0.000000000000000000e+00 3.003126958019999848e-01 2.153869347500000231e+01 1.515009861299999872e-01 5.516717932950000458e-01
0.000000000000000000e+00 3.017550295349999967e-01 2.218565577809999922e+01 2.467614809429999889e-01 5.516717932950000458e-01
0.000000000000000000e+00 3.019999999999999907e-01 2.200264356699999979e+01 2.723465502740000099e-01 5.516717932950000458e-01
0.000000000000000000e+00 3.024016210800000160e-01 2.172504538020000098e+01 1.349101161350000078e-01 5.516717932950000458e-01
0.000000000000000000e+00 3.085808660709999929e-01 2.159946698750000138e+01 1.776527825889999967e-01 5.516717932950000458e-01
0.000000000000000000e+00 3.089999999999999969e-01 2.155261992730000031e+01 2.148632564769999975e-01 5.516717932950000458e-01
0.000000000000000000e+00 3.089999999999999969e-01 2.186564099129999761e+01 2.358238759509999893e-01 5.516717932950000458e-01
0.000000000000000000e+00 3.094926454110000225e-01 2.171003775540000191e+01 1.349601714979999922e-01 5.516717932950000458e-01
0.000000000000000000e+00 3.095473371579999800e-01 2.188440200600000196e+01 1.540123328030000016e-01 5.516717932950000458e-01
0.000000000000000000e+00 3.128833641579999991e-01 2.170629405929999933e+01 1.395065141740000070e-01 5.516717932950000458e-01
0.000000000000000000e+00 3.140000000000000013e-01 2.192381331770000230e+01 2.423638936829999868e-01 5.516717932950000458e-01
0.000000000000000000e+00 3.164298446950000177e-01 2.208691866280000227e+01 1.928661222480000104e-01 5.516717932950000458e-01
0.000000000000000000e+00 3.200000000000000067e-01 2.193644873379999893e+01 4.209981132760000078e-01 5.516717932950000458e-01
0.000000000000000000e+00 3.204469888609999817e-01 2.179463041719999694e+01 1.343803111669999995e-01 5.516717932950000458e-01
0.000000000000000000e+00 3.263964832030000207e-01 2.166414945820000071e+01 1.443880658330000122e-01 5.516717932950000458e-01
0.000000000000000000e+00 3.290000000000000147e-01 2.203210201040000271e+01 2.698074014110000141e-01 5.516717932950000458e-01
0.000000000000000000e+00 3.305124486830000041e-01 2.191978428400000212e+01 1.567236830339999998e-01 5.516717932950000458e-01
0.000000000000000000e+00 3.306346283300000133e-01 2.174410517129999931e+01 1.526993394479999877e-01 5.516717932950000458e-01
0.000000000000000000e+00 3.310000000000000164e-01 2.177031533230000093e+01 1.377047665689999922e-01 0.000000000000000000e+00
0.000000000000000000e+00 3.320000000000000173e-01 2.194732358350000112e+01 2.399032762689999876e-01 5.516717932950000458e-01
0.000000000000000000e+00 3.372999999999999887e-01 2.198633623429999773e+01 1.372405889720000050e-01 1.000000000000000000e+00
0.000000000000000000e+00 3.388026091340000101e-01 2.199721716229999657e+01 1.709083679460000060e-01 5.516717932950000458e-01
0.000000000000000000e+00 3.396000000000000130e-01 2.177581866599999927e+01 2.265279412110000057e-01 5.516717932950000458e-01
0.000000000000000000e+00 3.400000000000000244e-01 2.177188853679999880e+01 2.311939882990000084e-01 5.516717932950000458e-01
0.000000000000000000e+00 3.400000000000000244e-01 2.190502405499999838e+01 2.281907701729999904e-01 5.516717932950000458e-01
0.000000000000000000e+00 3.402000000000000024e-01 2.201993680999999725e+01 1.355461973440000023e-01 1.000000000000000000e+00
0.000000000000000000e+00 3.410000000000000253e-01 2.168335914149999866e+01 2.245043199990000016e-01 5.516717932950000458e-01
0.000000000000000000e+00 3.420000000000000262e-01 2.207644345899999649e+01 2.148103206699999990e-01 5.516717932950000458e-01
0.000000000000000000e+00 3.439999999999999725e-01 2.186471639879999884e+01 2.097728390359999973e-01 5.516717932950000458e-01
0.000000000000000000e+00 3.459999999999999742e-01 2.205647214369999887e+01 1.522132464500000060e-01 9.000022949119999322e-12
0.000000000000000000e+00 3.479999999999999760e-01 2.228147148250000242e+01 2.174253024849999993e-01 5.516717932950000458e-01
0.000000000000000000e+00 3.483450208350000188e-01 2.199963681340000221e+01 2.177748890610000099e-01 5.516717932950000458e-01
0.000000000000000000e+00 3.485838575440000087e-01 2.199278631810000206e+01 1.773718878710000002e-01 5.516717932950000458e-01
0.000000000000000000e+00 3.519999999999999796e-01 2.211562463419999602e+01 2.241915408419999922e-01 5.516717932950000458e-01
0.000000000000000000e+00 3.549999999999999822e-01 2.203415685769999754e+01 2.014684340200000034e-01 5.516717932950000458e-01
0.000000000000000000e+00 3.569999999999999840e-01 2.211737324629999790e+01 1.377214765329999868e-01 9.999998843599999798e-01
0.000000000000000000e+00 3.575073570319999838e-01 2.202068468670000101e+01 2.025876824929999931e-01 5.516717932950000458e-01
0.000000000000000000e+00 3.578000000000000069e-01 2.212675487559999965e+01 1.360961518680000037e-01 2.716740799999999879e-03
0.000000000000000000e+00 3.600342119889999859e-01 2.184914571809999728e+01 1.750481865240000046e-01 5.516717932950000458e-01
0.000000000000000000e+00 3.619343088320000068e-01 2.207629863390000224e+01 1.664419149839999890e-01 5.516717932950000458e-01
0.000000000000000000e+00 3.629999999999999893e-01 2.224382096819999788e+01 2.081732970909999925e-01 5.516717932950000458e-01
0.000000000000000000e+00 3.666028987889999868e-01 2.255170251730000075e+01 1.984044295559999893e-01 5.516717932950000458e-01
0.000000000000000000e+00 3.679999999999999938e-01 2.215954051939999658e+01 2.071809669019999967e-01 5.516717932950000458e-01
0.000000000000000000e+00 3.689999999999999947e-01 2.232586829759999603e+01 1.526441218850000114e-01 7.251900002720000379e-08
0.000000000000000000e+00 3.709000000000000075e-01 2.236104968050000252e+01 1.548340060450000000e-01 8.923454429999999734e-04
0.000000000000000000e+00 3.739999999999999991e-01 2.387695996259999731e+01 9.231987137139999744e-01 5.516717932950000458e-01
0.000000000000000000e+00 3.789658020389999882e-01 2.227333418450000124e+01 1.970940076819999998e-01 5.516717932950000458e-01
0.000000000000000000e+00 3.796622935749999761e-01 2.212490717539999707e+01 1.472197402990000070e-01 5.516717932950000458e-01
0.000000000000000000e+00 3.800000000000000044e-01 2.275502181619999931e+01 3.278331144220000271e-01 5.516717932950000458e-01
0.000000000000000000e+00 3.803594873360000017e-01 2.234934394119999723e+01 2.179105276309999950e-01 5.516717932950000458e-01
0.000000000000000000e+00 3.804165142859999849e-01 2.196418581209999843e+01 1.985584343940000052e-01 5.516717932950000458e-01
0.000000000000000000e+00 3.830000000000000071e-01 2.233387918599999722e+01 2.510101748029999746e-01 5.516717932950000458e-01
0.000000000000000000e+00 3.872971074650000123e-01 2.258431061139999940e+01 1.864298661899999876e-01 5.516717932950000458e-01
0.000000000000000000e+00 3.880000000000000115e-01 2.289945931879999819e+01 4.650178272839999849e-01 5.516717932950000458e-01
0.000000000000000000e+00 3.892887876880000153e-01 2.229447371109999665e+01 2.008675757879999912e-01 5.516717932950000458e-01
0.000000000000000000e+00 3.915992134410000158e-01 2.220057238439999736e+01 1.715643158950000136e-01 5.516717932950000458e-01
0.000000000000000000e+00 3.939744782719999949e-01 2.247299870450000014e+01 1.507073196220000133e-01 5.516717932950000458e-01
0.000000000000000000e+00 3.965000000000000191e-01 2.217976607189999783e+01 2.023749990569999879e-01 5.516717932950000458e-01
0.000000000000000000e+00 3.990000000000000213e-01 2.217992704279999572e+01 2.929522120360000259e-01 5.516717932950000458e-01
0.000000000000000000e+00 3.996013349759999778e-01 2.242064559490000164e+01 2.051324337479999982e-01 5.516717932950000458e-01
0.000000000000000000e+00 4.000000000000000222e-01 2.300461244080000256e+01 4.775890209659999774e-01 5.516717932950000458e-01
0.000000000000000000e+00 4.010000000000000231e-01 2.262747759530000025e+01 3.328387431950000086e-01 5.516717932950000458e-01
0.000000000000000000e+00 4.010000000000000231e-01 2.324646564239999691e+01 3.698939823619999956e-01 5.516717932950000458e-01
0.000000000000000000e+00 4.010000000000000231e-01 2.238726974760000132e+01 2.293087223149999909e-01 5.516717932950000458e-01
0.000000000000000000e+00 4.024596192159999863e-01 2.260299203999999662e+01 2.112784939940000051e-01 5.516717932950000458e-01
0.000000000000000000e+00 4.083190921639999749e-01 2.253213880820000270e+01 2.063696185109999970e-01 5.516717932950000458e-01
0.000000000000000000e+00 4.099999999999999756e-01 2.203933861049999621e+01 2.569811421479999969e-01 5.516717932950000458e-01
0.000000000000000000e+00 4.119999999999999774e-01 2.211555747060000243e+01 3.120563816760000275e-01 5.516717932950000458e-01
0.000000000000000000e+00 4.149999999999999800e-01 2.256861574650000080e+01 1.410937028049999986e-01 1.255066436270000085e-01
0.000000000000000000e+00 4.159999999999999809e-01 2.311546232290000091e+01 5.563423330919999854e-01 5.516717932950000458e-01
0.000000000000000000e+00 4.159999999999999809e-01 2.224938222889999651e+01 3.032521219429999970e-01 5.516717932950000458e-01
0.000000000000000000e+00 4.209268211030000040e-01 2.282539328709999893e+01 2.023210013110000038e-01 5.516717932950000458e-01
0.000000000000000000e+00 4.209999999999999853e-01 2.287147303599999759e+01 2.337735073589999879e-01 5.516717932950000458e-01
0.000000000000000000e+00 4.209999999999999853e-01 2.282787691200000069e+01 3.220049552450000019e-01 5.516717932950000458e-01
0.000000000000000000e+00 4.219999999999999862e-01 2.242015473979999740e+01 2.307138458580000051e-01 5.516717932950000458e-01
0.000000000000000000e+00 4.229999999999999871e-01 2.225737116380000202e+01 2.435790006269999974e-01 5.516717932950000458e-01
0.000000000000000000e+00 4.249999999999999889e-01 2.189397650499999770e+01 4.891490827769999772e-01 5.516717932950000458e-01
0.000000000000000000e+00 4.259999999999999898e-01 2.245342276179999885e+01 2.249206710499999928e-01 5.516717932950000458e-01
0.000000000000000000e+00 4.289999999999999925e-01 2.258188409449999767e+01 2.154713896890000091e-01 5.516717932950000458e-01
0.000000000000000000e+00 4.299999999999999933e-01 2.309038678910000186e+01 4.583278739769999777e-01 5.516717932950000458e-01
0.000000000000000000e+00 4.299999999999999933e-01 2.287596948750000081e+01 1.481710584289999966e-01 5.516717932950000458e-01
0.000000000000000000e+00 4.299999999999999933e-01 2.245798211169999803e+01 6.083289164239999991e-01 5.516717932950000458e-01
0.000000000000000000e+00 4.299999999999999933e-01 2.250276607949999885e+01 1.510821433200000008e-01 1.759266230999999943e-03
0.000000000000000000e+00 4.299999999999999933e-01 2.201070345369999615e+01 3.578276260620000260e-01 5.516717932950000458e-01
0.000000000000000000e+00 4.299999999999999933e-01 2.249378137949999967e+01 4.588049906539999889e-01 5.516717932950000458e-01
0.000000000000000000e+00 4.359999999999999987e-01 2.257186148190000097e+01 2.165339471299999874e-01 5.516717932950000458e-01
0.000000000000000000e+00 4.359999999999999987e-01 2.261761458240000167e+01 2.282627599269999863e-01 5.516717932950000458e-01
0.000000000000000000e+00 4.400000000000000022e-01 2.274137855579999723e+01 3.197948789080000132e-01 5.516717932950000458e-01
0.000000000000000000e+00 4.400000000000000022e-01 2.270249281529999763e+01 1.074848076660000068e-01 5.516717932950000458e-01
0.000000000000000000e+00 4.490000000000000102e-01 2.271491363180000178e+01 1.570630207339999973e-01 0.000000000000000000e+00
0.000000000000000000e+00 4.500000000000000111e-01 2.296281845899999752e+01 5.899478867890000089e-01 5.516717932950000458e-01
0.000000000000000000e+00 4.500000000000000111e-01 2.252383713169999879e+01 4.537019628449999731e-01 5.516717932950000458e-01
0.000000000000000000e+00 4.500000000000000111e-01 2.309429300760000103e+01 5.082906177679999971e-01 5.516717932950000458e-01
0.000000000000000000e+00 4.510000000000000120e-01 2.248851969670000273e+01 1.430558218940000126e-01 5.516717932950000458e-01
0.000000000000000000e+00 4.530000000000000138e-01 2.351305375869999637e+01 5.249129518459999533e-01 5.516717932950000458e-01
0.000000000000000000e+00 4.550000000000000155e-01 2.301577755430000138e+01 2.296275400130000088e-01 5.516717932950000458e-01
0.000000000000000000e+00 4.600000000000000200e-01 2.284029489350000119e+01 2.100954977230000131e-01 5.516717932950000458e-01
0.000000000000000000e+00 4.606999999999999984e-01 2.276351182850000043e+01 1.812624554900000018e-01 9.999720760029999767e-01
0.000000000000000000e+00 4.627000000000000002e-01 2.273413027840000211e+01 1.475688016199999952e-01 5.516717932950000458e-01
0.000000000000000000e+00 4.630000000000000226e-01 2.263959903619999636e+01 2.664644537599999974e-01 5.516717932950000458e-01
0.000000000000000000e+00 4.650000000000000244e-01 2.251700858390000093e+01 6.000306362320000364e-01 5.516717932950000458e-01
0.000000000000000000e+00 4.680000000000000271e-01 2.324074901929999726e+01 1.639147706000000093e-01 5.516717932950000458e-01
0.000000000000000000e+00 4.689999999999999725e-01 2.304632649340000228e+01 2.831524058100000074e-01 5.516717932950000458e-01
0.000000000000000000e+00 4.699999999999999734e-01 2.282640476799999618e+01 1.532396017200000071e-01 5.516717932950000458e-01
0.000000000000000000e+00 4.719999999999999751e-01 2.266100853860000086e+01 5.144728504250000167e-01 5.516717932950000458e-01
0.000000000000000000e+00 4.749999999999999778e-01 2.279672668499999588e+01 2.559583166459999948e-01 5.516717932950000458e-01
0.000000000000000000e+00 4.769999999999999796e-01 2.274618043759999608e+01 1.835999338909999890e-01 5.516717932950000458e-01
0.000000000000000000e+00 4.789999999999999813e-01 2.304360304469999932e+01 3.581362997920000124e-01 5.516717932950000458e-01
0.000000000000000000e+00 4.799999999999999822e-01 2.285179387480000202e+01 5.214204225709999641e-01 5.516717932950000458e-01
0.000000000000000000e+00 4.899999999999999911e-01 2.247928022050000152e+01 4.464845059470000099e-01 5.516717932950000458e-01
0.000000000000000000e+00 4.929999999999999938e-01 2.283875995169999840e+01 2.639575464999999732e-01 5.516717932950000458e-01
0.000000000000000000e+00 4.949999999999999956e-01 2.294050864909999632e+01 2.323479659630000027e-01 5.516717932950000458e-01
0.000000000000000000e+00 4.949999999999999956e-01 2.281075343599999883e+01 4.436534731080000182e-01 5.516717932950000458e-01
0.000000000000000000e+00 4.959999999999999964e-01 2.290652131099999878e+01 1.528145398409999911e-01 0.000000000000000000e+00
0.000000000000000000e+00 4.969999999999999973e-01 2.276761909759999725e+01 2.216377128560000076e-01 5.516717932950000458e-01
0.000000000000000000e+00 4.969999999999999973e-01 2.301639837249999943e+01 1.679801942860000008e-01 5.516717932950000458e-01
0.000000000000000000e+00 4.979999999999999982e-01 2.367556551930000097e+01 6.424065041169999546e-01 5.516717932950000458e-01
0.000000000000000000e+00 5.000000000000000000e-01 2.305484854449999688e+01 3.173371668009999924e-01 5.516717932950000458e-01
0.000000000000000000e+00 5.042999999999999705e-01 2.303004597750000215e+01 1.495775074750000100e-01 9.999772350750000260e-01
0.000000000000000000e+00 5.080000000000000071e-01 2.288611601409999707e+01 2.317672028059999945e-01 5.516717932950000458e-01
0.000000000000000000e+00 5.100000000000000089e-01 2.257253065100000100e+01 2.267624618250000113e-01 5.516717932950000458e-01
0.000000000000000000e+00 5.110000000000000098e-01 2.306550574909999796e+01 8.906175459829999974e-02 5.516717932950000458e-01
0.000000000000000000e+00 5.140000000000000124e-01 2.347803890349999989e+01 4.937359110430000197e-01 5.516717932950000458e-01
0.000000000000000000e+00 5.190000000000000169e-01 2.376335499620000036e+01 3.144624911839999926e-01 5.516717932950000458e-01
0.000000000000000000e+00 5.210000000000000187e-01 2.287197473429999661e+01 1.609968030829999897e-01 9.989495559590000351e-01
0.000000000000000000e+00 5.210000000000000187e-01 2.307008983869999952e+01 1.993321554480000091e-01 5.516717932950000458e-01
0.000000000000000000e+00 5.220000000000000195e-01 2.336917562880000077e+01 2.471508688400000098e-01 5.516717932950000458e-01
0.000000000000000000e+00 5.260000000000000231e-01 2.264792614199999576e+01 5.136791854829999560e-01 5.516717932950000458e-01
0.000000000000000000e+00 5.260000000000000231e-01 2.309205596169999808e+01 1.669430972300000038e-01 5.516717932950000458e-01
0.000000000000000000e+00 5.280000000000000249e-01 2.306153712359999730e+01 3.026541514430000079e-01 5.516717932950000458e-01
0.000000000000000000e+00 5.280000000000000249e-01 2.314619485149999889e+01 2.442906752900000089e-01 5.516717932950000458e-01
0.000000000000000000e+00 5.320000000000000284e-01 2.325766094179999754e+01 1.666510532169999947e-01 5.516717932950000458e-01
0.000000000000000000e+00 5.390000000000000346e-01 2.291850849059999717e+01 2.417978163520000112e-01 5.516717932950000458e-01
0.000000000000000000e+00 5.400000000000000355e-01 2.311646654940000190e+01 1.115518809189999933e-01 5.516717932950000458e-01
0.000000000000000000e+00 5.400000000000000355e-01 2.320300880079999928e+01 2.829454418339999999e-01 5.516717932950000458e-01
0.000000000000000000e+00 5.430000000000000382e-01 2.317065113279999622e+01 9.814143420809999518e-02 5.516717932950000458e-01
0.000000000000000000e+00 5.480000000000000426e-01 2.298814383850000098e+01 1.883708934099999899e-01 5.516717932950000458e-01
0.000000000000000000e+00 5.500000000000000444e-01 2.503531282510000011e+01 1.006812180410000090e+00 5.516717932950000458e-01
0.000000000000000000e+00 5.500000000000000444e-01 2.296749232860000234e+01 1.552046415499999943e-01 9.169056515589999456e-01
0.000000000000000000e+00 5.515999999999999792e-01 2.299502901550000189e+01 1.492548727789999863e-01 0.000000000000000000e+00
0.000000000000000000e+00 5.520000000000000462e-01 2.320277955830000138e+01 1.034145029539999955e-01 5.516717932950000458e-01
0.000000000000000000e+00 5.570000000000000506e-01 2.324885648489999568e+01 1.574560311519999922e-01 5.516717932950000458e-01
0.000000000000000000e+00 5.610000000000000542e-01 2.356379568389999690e+01 3.065219086850000108e-01 5.516717932950000458e-01
0.000000000000000000e+00 5.620000000000000551e-01 2.374236787670000126e+01 3.332154415599999919e-01 5.516717932950000458e-01
0.000000000000000000e+00 5.639999999999999458e-01 2.306473703079999638e+01 2.920224006720000265e-01 5.516717932950000458e-01
0.000000000000000000e+00 5.679999999999999494e-01 2.340109490510000256e+01 2.895468967839999741e-01 5.516717932950000458e-01
0.000000000000000000e+00 5.699999999999999512e-01 2.318095564130000241e+01 3.889526331729999953e-01 5.516717932950000458e-01
0.000000000000000000e+00 5.699999999999999512e-01 2.336331199459999652e+01 4.703820885689999898e-01 5.516717932950000458e-01
0.000000000000000000e+00 5.709999999999999520e-01 2.309100734829999624e+01 1.742239636179999940e-01 9.999999993629999917e-01
0.000000000000000000e+00 5.789999999999999591e-01 2.387820862639999575e+01 6.432978066250000238e-01 5.516717932950000458e-01
0.000000000000000000e+00 5.799999999999999600e-01 2.399697029610000243e+01 5.199622512520000184e-01 5.516717932950000458e-01
0.000000000000000000e+00 5.809999999999999609e-01 2.436052504919999961e+01 3.912369302440000252e-01 5.516717932950000458e-01
0.000000000000000000e+00 5.809999999999999609e-01 2.343416862280000146e+01 1.554625178429999977e-01 1.000000000000000000e+00
0.000000000000000000e+00 5.809999999999999609e-01 2.275526856020000110e+01 5.050339603679999678e-01 5.516717932950000458e-01
0.000000000000000000e+00 5.816999999999999948e-01 2.336388588959999879e+01 1.598033691469999962e-01 1.000000000000000000e+00
0.000000000000000000e+00 5.819999999999999618e-01 2.385575553839999685e+01 3.252079177439999857e-01 5.516717932950000458e-01
0.000000000000000000e+00 5.829999999999999627e-01 2.309297064809999966e+01 2.864839304799999820e-01 5.516717932950000458e-01
0.000000000000000000e+00 5.909999999999999698e-01 2.390095124989999675e+01 3.060061124189999981e-01 5.516717932950000458e-01
0.000000000000000000e+00 5.919999999999999707e-01 2.326916804399999705e+01 1.723940471679999975e-01 0.000000000000000000e+00
0.000000000000000000e+00 5.919999999999999707e-01 2.484420010779999899e+01 7.179634930039999752e-01 5.516717932950000458e-01
0.000000000000000000e+00 5.989999999999999769e-01 2.343531017829999996e+01 3.821651124550000111e-01 5.516717932950000458e-01
0.000000000000000000e+00 6.029999999999999805e-01 2.333804998889999638e+01 2.786289026759999898e-01 5.516717932950000458e-01
0.000000000000000000e+00 6.039999999999999813e-01 2.321882176319999758e+01 1.596870496899999992e-01 9.916588045390000161e-01
0.000000000000000000e+00 6.099999999999999867e-01 2.359681099419999839e+01 1.562482533220000136e-01 0.000000000000000000e+00
0.000000000000000000e+00 6.119999999999999885e-01 2.350578622620000147e+01 2.830234148910000247e-01 5.516717932950000458e-01
0.000000000000000000e+00 6.129999999999999893e-01 2.368556994579999753e+01 1.650967204190000037e-01 1.221021159999999880e-04
0.000000000000000000e+00 6.129999999999999893e-01 2.330855487640000234e+01 2.602144696729999929e-01 5.516717932950000458e-01
0.000000000000000000e+00 6.149999999999999911e-01 2.323448189020000143e+01 5.562227434290000216e-01 5.516717932950000458e-01
0.000000000000000000e+00 6.189999999999999947e-01 2.374786391920000028e+01 2.478224819560000125e-01 5.516717932950000458e-01
0.000000000000000000e+00 6.199999999999999956e-01 2.370109788690000130e+01 1.695646858239999999e-01 9.646102523730000211e-01
0.000000000000000000e+00 6.199999999999999956e-01 2.391980730550000089e+01 3.903446630660000194e-01 5.516717932950000458e-01
0.000000000000000000e+00 6.229999999999999982e-01 2.320636927950000228e+01 2.414281349769999974e-01 5.516717932950000458e-01
0.000000000000000000e+00 6.268000000000000238e-01 2.345045789759999622e+01 1.572278049780000131e-01 9.994114154459999844e-01
0.000000000000000000e+00 6.310000000000000053e-01 2.306922840309999856e+01 2.449741231670000130e-01 5.516717932950000458e-01
0.000000000000000000e+00 6.310000000000000053e-01 2.357367057549999600e+01 2.343696696249999989e-01 5.516717932950000458e-01
0.000000000000000000e+00 6.330000000000000071e-01 2.289351776489999679e+01 2.598778533059999951e-01 5.516717932950000458e-01
0.000000000000000000e+00 6.330000000000000071e-01 2.374170881239999886e+01 1.699571377269999961e-01 1.000000000000000000e+00
0.000000000000000000e+00 6.400000000000000133e-01 2.345609255709999985e+01 1.888093774300000083e-01 5.516717932950000458e-01
0.000000000000000000e+00 6.400000000000000133e-01 2.385622597599999750e+01 1.937490166439999884e-01 5.516717932950000458e-01
0.000000000000000000e+00 6.400000000000000133e-01 2.361612071589999573e+01 2.801143322690000104e-01 5.516717932950000458e-01
0.000000000000000000e+00 6.430000000000000160e-01 2.370311226989999653e+01 1.663697717529999953e-01 4.745554408659999890e-01
0.000000000000000000e+00 6.450000000000000178e-01 2.350881844839999957e+01 2.342731297469999863e-01 5.516717932950000458e-01
0.000000000000000000e+00 6.550000000000000266e-01 2.300693053039999825e+01 4.970816247429999946e-01 5.516717932950000458e-01
0.000000000000000000e+00 6.560000000000000275e-01 2.383670438809999581e+01 6.272025057660000069e-01 5.516717932950000458e-01
0.000000000000000000e+00 6.570000000000000284e-01 2.366709399949999693e+01 6.587284814349999573e-01 5.516717932950000458e-01
0.000000000000000000e+00 6.700000000000000400e-01 2.383505483599999764e+01 2.096542854260000088e-01 5.516717932950000458e-01
0.000000000000000000e+00 6.710000000000000409e-01 2.367385228330000047e+01 1.205455275800000059e-01 5.516717932950000458e-01
0.000000000000000000e+00 6.790000000000000480e-01 2.414925162240000134e+01 1.959690773090000115e-01 9.999968168580000150e-01
0.000000000000000000e+00 6.800000000000000488e-01 2.359587973989999909e+01 2.909519263670000133e-01 5.516717932950000458e-01
0.000000000000000000e+00 6.870000000000000551e-01 2.368823036069999688e+01 2.851887985339999765e-01 5.516717932950000458e-01
0.000000000000000000e+00 6.870000000000000551e-01 2.352668040390000215e+01 2.725377823930000276e-01 5.516717932950000458e-01
0.000000000000000000e+00 6.879999999999999449e-01 2.374583131690000215e+01 1.657772652579999895e-01 5.516717932950000458e-01
0.000000000000000000e+00 6.909999999999999476e-01 2.378061221229999944e+01 2.538422449220000265e-01 5.516717932950000458e-01
0.000000000000000000e+00 6.949999999999999512e-01 2.390354954290000222e+01 2.054491943900000062e-01 4.821346744399999940e-02
0.000000000000000000e+00 6.979999999999999538e-01 2.446057396820000207e+01 4.334802179750000262e-01 5.516717932950000458e-01
0.000000000000000000e+00 7.069999999999999618e-01 2.397427090229999891e+01 2.562539164550000081e-01 9.999990117250000532e-01
0.000000000000000000e+00 7.099999999999999645e-01 2.371388409200000069e+01 1.842809546779999863e-01 5.516717932950000458e-01
0.000000000000000000e+00 7.109999999999999654e-01 2.425839484680000169e+01 3.667251810409999924e-01 5.516717932950000458e-01
0.000000000000000000e+00 7.209999999999999742e-01 2.386752366470000197e+01 1.871798523769999945e-01 5.516717932950000458e-01
0.000000000000000000e+00 7.299999999999999822e-01 2.396884080219999902e+01 1.948940524130000074e-01 1.000000000000000000e+00
0.000000000000000000e+00 7.349999999999999867e-01 2.378368563549999948e+01 2.005758094389999968e-01 5.516717932950000458e-01
0.000000000000000000e+00 7.399999999999999911e-01 2.397939198599999600e+01 1.984024870670000051e-01 5.516717932950000458e-01
0.000000000000000000e+00 7.409999999999999920e-01 2.440909756960000010e+01 2.232868596779999937e-01 0.000000000000000000e+00
0.000000000000000000e+00 7.500000000000000000e-01 2.393484396919999568e+01 1.383184576369999863e-01 5.516717932950000458e-01
0.000000000000000000e+00 7.520000000000000018e-01 2.399367516259999888e+01 2.070714365019999947e-01 9.999999999490000180e-01
0.000000000000000000e+00 7.560000000000000053e-01 2.450583747259999967e+01 1.927759553310000040e-01 5.516717932950000458e-01
0.000000000000000000e+00 7.630000000000000115e-01 2.516426987639999879e+01 8.981631214170000543e-01 5.516717932950000458e-01
0.000000000000000000e+00 7.720000000000000195e-01 2.420183911009999633e+01 2.188347700250000138e-01 5.516717932950000458e-01
0.000000000000000000e+00 7.800000000000000266e-01 2.429265245250000049e+01 1.713188333050000012e-01 5.516717932950000458e-01
0.000000000000000000e+00 7.810000000000000275e-01 2.412907483370000250e+01 3.213486842130000021e-01 5.516717932950000458e-01
0.000000000000000000e+00 7.910000000000000364e-01 2.426872640189999686e+01 2.013436791609999887e-01 4.243783524729999868e-01
0.000000000000000000e+00 7.990000000000000435e-01 2.407067468279999645e+01 2.331742281339999889e-01 5.516717932950000458e-01
0.000000000000000000e+00 8.000000000000000444e-01 2.440590538749999894e+01 2.151652440469999927e-01 5.379900003270000226e-08
0.000000000000000000e+00 8.100000000000000533e-01 2.406173777680000114e+01 2.126856921889999918e-01 3.997519454969999941e-01
0.000000000000000000e+00 8.110000000000000542e-01 2.409638130380000121e+01 2.106195264409999879e-01 1.000000000000000000e+00
0.000000000000000000e+00 8.120000000000000551e-01 2.434541855839999869e+01 3.790163419370000120e-01 5.516717932950000458e-01
0.000000000000000000e+00 8.149999999999999467e-01 2.476624688289999909e+01 7.289217302860000469e-01 5.516717932950000458e-01
0.000000000000000000e+00 8.159999999999999476e-01 2.438292816380000261e+01 4.578634218229999941e-01 5.516717932950000458e-01
0.000000000000000000e+00 8.169999999999999485e-01 2.434340901830000092e+01 2.102868635719999935e-01 1.000000000000000000e+00
0.000000000000000000e+00 8.179999999999999494e-01 2.408473945429999930e+01 2.675588057400000164e-01 5.516717932950000458e-01
0.000000000000000000e+00 8.209999999999999520e-01 2.433278406899999879e+01 1.940135919719999935e-01 5.516717932950000458e-01
0.000000000000000000e+00 8.217999999999999750e-01 2.450720924430000025e+01 2.132069839500000119e-01 0.000000000000000000e+00
0.000000000000000000e+00 8.299999999999999600e-01 2.423424871879999642e+01 4.710468427719999851e-01 5.516717932950000458e-01
0.000000000000000000e+00 8.299999999999999600e-01 2.474250521569999961e+01 2.088353559560000017e-01 1.901911679199999941e-02
0.000000000000000000e+00 8.329999999999999627e-01 2.437994313000000091e+01 5.209132459169999452e-01 5.516717932950000458e-01
0.000000000000000000e+00 8.389999999999999680e-01 2.408991100589999945e+01 2.221241474439999974e-01 5.516717932950000458e-01
0.000000000000000000e+00 8.399999999999999689e-01 2.456494847649999969e+01 2.223485022820000101e-01 9.102562281980000058e-01
0.000000000000000000e+00 8.399999999999999689e-01 2.420614965949999942e+01 2.086970532430000025e-01 5.516717932950000458e-01
0.000000000000000000e+00 8.499999999999999778e-01 2.418610262770000219e+01 1.717964306549999987e-01 5.516717932950000458e-01
0.000000000000000000e+00 8.539999999999999813e-01 2.430030956830000122e+01 2.255699058379999900e-01 5.516717932950000458e-01
0.000000000000000000e+00 8.589999999999999858e-01 2.478474788409999974e+01 2.969650450860000235e-01 5.516717932950000458e-01
0.000000000000000000e+00 8.599999999999999867e-01 2.461350595249999884e+01 1.724119651669999975e-01 5.516717932950000458e-01
0.000000000000000000e+00 8.679999999999999938e-01 2.418513268830000129e+01 2.460951652599999984e-01 9.212336449920000003e-01
0.000000000000000000e+00 8.699999999999999956e-01 2.492314948690000165e+01 2.788172903760000043e-01 5.516717932950000458e-01
0.000000000000000000e+00 8.739999999999999991e-01 2.398722452319999832e+01 3.880893031570000207e-01 5.516717932950000458e-01
0.000000000000000000e+00 8.820000000000000062e-01 2.406688420929999950e+01 5.839871194650000374e-01 5.516717932950000458e-01
0.000000000000000000e+00 8.850000000000000089e-01 2.487617858849999664e+01 2.862301840509999806e-01 5.516717932950000458e-01
0.000000000000000000e+00 9.050000000000000266e-01 2.433058528840000179e+01 2.574675474099999972e-01 8.606929339690000402e-01
0.000000000000000000e+00 9.100000000000000311e-01 2.499736170519999945e+01 2.672410494229999767e-01 5.516717932950000458e-01
0.000000000000000000e+00 9.271000000000000352e-01 2.463234315340000080e+01 2.867075545059999953e-01 8.465590549560000344e-01
0.000000000000000000e+00 9.300000000000000488e-01 2.424427486039999735e+01 2.899183790659999871e-01 5.516717932950000458e-01
0.000000000000000000e+00 9.350000000000000533e-01 2.423204251810000187e+01 2.276165383579999979e-01 5.516717932950000458e-01
0.000000000000000000e+00 9.360000000000000542e-01 2.399895114569999777e+01 7.059813997410000486e-01 5.516717932950000458e-01
0.000000000000000000e+00 9.489999999999999547e-01 2.413675513540000139e+01 2.846307831309999870e-01 9.000022949119999322e-12
0.000000000000000000e+00 9.499999999999999556e-01 2.466845278879999626e+01 2.912437688469999841e-01 6.207976419820000480e-01
0.000000000000000000e+00 9.499999999999999556e-01 2.433016288969999863e+01 2.977547107049999808e-01 5.516717932950000458e-01
0.000000000000000000e+00 9.499999999999999556e-01 2.457599557620000041e+01 2.358451244170000072e-01 5.516717932950000458e-01
0.000000000000000000e+00 9.529999999999999583e-01 2.496546550889999594e+01 9.547174410180000459e-01 5.516717932950000458e-01
0.000000000000000000e+00 9.599999999999999645e-01 2.430505689039999595e+01 2.755146313810000192e-01 5.516717932950000458e-01
0.000000000000000000e+00 9.609999999999999654e-01 2.495604689900000039e+01 3.400565606859999868e-01 9.674970300000000124e-05
0.000000000000000000e+00 9.699999999999999734e-01 2.515444697959999587e+01 2.914544560469999879e-01 5.516717932950000458e-01
0.000000000000000000e+00 9.699999999999999734e-01 2.351304911469999581e+01 8.052103027820000092e-01 5.516717932950000458e-01
0.000000000000000000e+00 9.739999999999999769e-01 2.452598853859999650e+01 1.742389403369999923e-01 5.516717932950000458e-01
0.000000000000000000e+00 9.749999999999999778e-01 2.502557077960000242e+01 2.127806031199999948e-01 5.516717932950000458e-01
0.000000000000000000e+00 9.779999999999999805e-01 2.419191744689999979e+01 2.926473018090000044e-01 5.516717932950000458e-01
0.000000000000000000e+00 9.829999999999999849e-01 2.484912964929999646e+01 4.349976410699999962e-01 1.000000000000000000e+00
0.000000000000000000e+00 1.010000000000000009e+00 2.470431981840000191e+01 3.756724171429999815e-01 9.997857715950000390e-01
0.000000000000000000e+00 1.010000000000000009e+00 2.560398311149999984e+01 3.337486169900000244e-01 5.516717932950000458e-01
0.000000000000000000e+00 1.016999999999999904e+00 2.498581605310000242e+01 1.710461543219999880e-01 1.475225100000000032e-05
0.000000000000000000e+00 1.020000000000000018e+00 2.485591080980000100e+01 2.323395273780000103e-01 5.516717932950000458e-01
0.000000000000000000e+00 1.020000000000000018e+00 2.505476998489999829e+01 2.209637620650000134e-01 5.516717932950000458e-01
0.000000000000000000e+00 1.030000000000000027e+00 2.493193863940000199e+01 1.412542026009999951e-01 5.516717932950000458e-01
0.000000000000000000e+00 1.056999999999999940e+00 2.484247538230000174e+01 2.385846852350000102e-01 5.516717932950000458e-01
0.000000000000000000e+00 1.092000000000000082e+00 2.469969300110000177e+01 2.465118646330000107e-01 5.516717932950000458e-01
0.000000000000000000e+00 1.110000000000000098e+00 2.531718113449999663e+01 4.478326327950000185e-01 5.516717932950000458e-01
0.000000000000000000e+00 1.120000000000000107e+00 2.520625076929999864e+01 2.240790945470000073e-01 5.516717932950000458e-01
0.000000000000000000e+00 1.124000000000000110e+00 2.525936446360000076e+01 1.972630476209999983e-01 5.516717932950000458e-01
0.000000000000000000e+00 1.139999999999999902e+00 2.501480237519999861e+01 2.287010295420000006e-01 5.516717932950000458e-01
0.000000000000000000e+00 1.139999999999999902e+00 2.488879741550000091e+01 3.684032938030000204e-01 5.516717932950000458e-01
0.000000000000000000e+00 1.187999999999999945e+00 2.529948783199999696e+01 5.005449492910000187e-01 5.516717932950000458e-01
0.000000000000000000e+00 1.189999999999999947e+00 2.505467693840000010e+01 2.471081137420000073e-01 5.516717932950000458e-01
0.000000000000000000e+00 1.191999999999999948e+00 2.515059688219999856e+01 2.002580719020000122e-01 5.516717932950000458e-01
0.000000000000000000e+00 1.215000000000000080e+00 2.593836623170000166e+01 5.603174451510000154e-01 1.476526660000000105e-04
0.000000000000000000e+00 1.229999999999999982e+00 2.571252100499999926e+01 2.350284005640000118e-01 5.516717932950000458e-01
0.000000000000000000e+00 1.241000000000000103e+00 2.527354824300000047e+01 4.783710531959999845e-01 0.000000000000000000e+00
0.000000000000000000e+00 1.264999999999999902e+00 2.563595612319999617e+01 2.354699597159999880e-01 5.516717932950000458e-01
0.000000000000000000e+00 1.300000000000000044e+00 2.570810338380000104e+01 2.427191678210000036e-01 5.516717932950000458e-01
0.000000000000000000e+00 1.304999999999999938e+00 2.543201461019999954e+01 2.595401150100000165e-01 5.516717932950000458e-01
0.000000000000000000e+00 1.306999999999999940e+00 2.610258939079999863e+01 3.146967095679999993e-01 5.516717932950000458e-01
0.000000000000000000e+00 1.314999999999999947e+00 2.566320305659999690e+01 1.875088393669999964e-01 5.516717932950000458e-01
0.000000000000000000e+00 1.340000000000000080e+00 2.575935086349999636e+01 2.750150931270000099e-01 5.516717932950000458e-01
0.000000000000000000e+00 1.350000000000000089e+00 2.551891075929999886e+01 1.857054120749999926e-01 5.516717932950000458e-01
0.000000000000000000e+00 1.370000000000000107e+00 2.574155863120000021e+01 2.627484495290000055e-01 5.516717932950000458e-01
0.000000000000000000e+00 1.389999999999999902e+00 2.556807962250000088e+01 2.506319651850000274e-01 5.516717932950000458e-01
0.000000000000000000e+00 1.413999999999999924e+00 2.549561142089999777e+01 3.461814832519999885e-01 0.000000000000000000e+00
