0.000000000000000000e+00 1.499999999999999944e-02 1.485534916830000185e+01 1.614528565489999901e-01 1.284189422460000063e-01
0.000000000000000000e+00 1.499999999999999944e-02 1.480325624649999838e+01 2.133888699769999897e-01 1.284189422460000063e-01
0.000000000000000000e+00 1.499999999999999944e-02 1.507161808690000271e+01 2.173485347009999902e-01 1.284189422460000063e-01
0.000000000000000000e+00 1.502704276320000060e-02 1.464203678450000012e+01 1.781170240830000084e-01 1.284189422460000063e-01
0.000000000000000000e+00 1.510000000000000057e-02 1.521772057030000269e+01 2.136821605310000038e-01 1.284189422460000063e-01
0.000000000000000000e+00 1.516600000000000066e-02 1.479351189740000194e+01 2.152393407319999896e-01 9.354993720999999970e-03
0.000000000000000000e+00 1.519999999999999997e-02 1.470874958110000108e+01 2.150712311699999879e-01 1.284189422460000063e-01
0.000000000000000000e+00 1.519999999999999997e-02 1.495021507610000100e+01 2.414748622590000005e-01 1.284189422460000063e-01
0.000000000000000000e+00 1.529999999999999936e-02 1.539903101109999994e+01 2.132428960739999879e-01 1.284189422460000063e-01
0.000000000000000000e+00 1.543630000000000002e-02 1.463279367930000063e+01 1.486941096480000057e-01 1.284189422460000063e-01
0.000000000000000000e+00 1.600000000000000033e-02 1.451645417019999940e+01 2.079597031850000111e-01 0.000000000000000000e+00
0.000000000000000000e+00 1.600000000000000033e-02 1.486586067599999694e+01 2.211153746879999937e-01 1.376101596329999954e-01
0.000000000000000000e+00 1.629999999999999852e-02 1.514509819420000269e+01 2.128910427169999897e-01 1.284189422460000063e-01
0.000000000000000000e+00 1.632099999999999870e-02 1.470926639630000210e+01 2.049650742680000082e-01 1.284189422460000063e-01
0.000000000000000000e+00 1.634564100000000103e-02 1.473587305739999920e+01 1.429129313639999899e-01 1.284189422460000063e-01
0.000000000000000000e+00 1.644999999999999934e-02 1.487314156800000120e+01 2.508965602480000001e-01 1.284189422460000063e-01
0.000000000000000000e+00 1.655900000000000080e-02 1.503567908929999675e+01 2.511774964910000185e-01 1.854367019800000002e-02
0.000000000000000000e+00 1.672999999999999834e-02 1.491818245139999988e+01 2.094646703109999952e-01 1.284189422460000063e-01
0.000000000000000000e+00 1.674300000000000094e-02 1.469457308479999824e+01 2.483851255260000057e-01 1.284189422460000063e-01
0.000000000000000000e+00 1.699099999999999916e-02 1.507061708949999712e+01 3.098898109730000017e-01 1.284189422460000063e-01
0.000000000000000000e+00 1.717300000000000076e-02 1.495251673949999827e+01 2.482160093649999899e-01 1.284189422460000063e-01
0.000000000000000000e+00 1.722699999999999926e-02 1.534621523250000052e+01 1.993371795589999884e-01 1.284189422460000063e-01
0.000000000000000000e+00 1.729999999999999941e-02 1.492191132680000010e+01 2.209944740030000132e-01 1.284189422460000063e-01
0.000000000000000000e+00 1.729999999999999941e-02 1.494158008069999966e+01 2.155084996240000106e-01 1.284189422460000063e-01
0.000000000000000000e+00 1.760499999999999912e-02 1.503564097790000176e+01 2.716506448189999756e-01 1.284189422460000063e-01
0.000000000000000000e+00 1.793128336260000136e-02 1.504166528489999877e+01 1.554139405739999868e-01 1.284189422460000063e-01
0.000000000000000000e+00 1.831523203619999859e-02 1.506360018179999827e+01 1.604649264059999914e-01 1.284189422460000063e-01
0.000000000000000000e+00 1.870000000000000134e-02 1.574014512939999832e+01 1.971967892139999956e-01 1.239979261600000077e-02
0.000000000000000000e+00 1.890000000000000013e-02 1.506654694209999690e+01 2.095716301960000028e-01 1.047423746800000000e-01
0.000000000000000000e+00 1.919999999999999832e-02 1.518340761540000017e+01 1.970916479429999923e-01 6.396224841000000376e-03
0.000000000000000000e+00 1.919999999999999832e-02 1.542852373360000229e+01 1.978428812649999924e-01 8.360000469659999718e-10
0.000000000000000000e+00 1.926399999999999987e-02 1.564445901410000062e+01 2.406338169499999957e-01 1.284189422460000063e-01
0.000000000000000000e+00 1.949999999999999997e-02 1.544875696220000094e+01 1.975261880929999880e-01 1.284189422460000063e-01
0.000000000000000000e+00 1.959899999999999837e-02 1.527706271339999944e+01 1.846912196870000022e-01 1.284189422460000063e-01
0.000000000000000000e+00 2.037472452989999919e-02 1.534828912949999591e+01 1.456033499440000101e-01 7.698673159999999639e-04
0.000000000000000000e+00 2.050000000000000086e-02 1.530912535169999700e+01 1.914127434439999997e-01 1.284189422460000063e-01
0.000000000000000000e+00 2.079999999999999905e-02 1.548730164789999719e+01 2.016294054009999948e-01 1.284189422460000063e-01
0.000000000000000000e+00 2.089999999999999844e-02 1.539474378170000080e+01 1.942269351500000019e-01 1.284189422460000063e-01
0.000000000000000000e+00 2.110000000000000070e-02 1.535256352479999720e+01 1.883933676690000003e-01 1.284189422460000063e-01
0.000000000000000000e+00 2.120000000000000009e-02 1.553897981349999924e+01 1.915297221099999947e-01 1.284189422460000063e-01
0.000000000000000000e+00 2.149999999999999828e-02 1.562458161039999993e+01 1.870408179649999947e-01 1.173300001600000064e-08
0.000000000000000000e+00 2.179299999999999987e-02 1.566563215339999715e+01 2.324493829540000001e-01 1.284189422460000063e-01
0.000000000000000000e+00 2.189999999999999933e-02 1.554083576299999692e+01 1.883871842640000016e-01 3.808340000020000110e-07
0.000000000000000000e+00 2.198000591460000028e-02 1.554481863960000254e+01 1.875447643579999935e-01 1.284189422460000063e-01
0.000000000000000000e+00 2.210000000000000159e-02 1.561397438400000226e+01 1.890147562950000026e-01 1.284189422460000063e-01
0.000000000000000000e+00 2.210000000000000159e-02 1.560339504040000236e+01 1.899606828390000002e-01 2.643130000420000153e-07
0.000000000000000000e+00 2.239999999999999977e-02 1.563893248440000150e+01 2.390113692580000115e-01 1.284189422460000063e-01
0.000000000000000000e+00 2.290000000000000022e-02 1.583047135239999648e+01 1.830180399490000109e-01 1.284189422460000063e-01
0.000000000000000000e+00 2.290000000000000022e-02 1.588871244989999809e+01 1.854590752639999895e-01 8.965981987700000211e-02
0.000000000000000000e+00 2.297116757819999897e-02 1.582572823319999600e+01 1.356409260410000039e-01 1.284189422460000063e-01
0.000000000000000000e+00 2.299999999999999961e-02 1.576248778699999775e+01 1.868483849789999984e-01 1.284189422460000063e-01
0.000000000000000000e+00 2.320799999999999946e-02 1.577738799960000193e+01 2.314796048330000078e-01 1.284189422460000063e-01
0.000000000000000000e+00 2.330000000000000127e-02 1.589020270169999804e+01 1.857385754560000046e-01 1.284189422460000063e-01
0.000000000000000000e+00 2.330000000000000127e-02 1.557397395670000151e+01 1.834246850880000002e-01 1.110110984799999971e-02
0.000000000000000000e+00 2.353600000000000136e-02 1.586144437099999749e+01 2.346982016289999862e-01 1.284189422460000063e-01
0.000000000000000000e+00 2.390000000000000110e-02 1.572681942580000225e+01 1.813924172080000063e-01 1.095874999969999904e-06
0.000000000000000000e+00 2.395299999999999860e-02 1.566055565970000174e+01 1.070411971950000068e-01 1.284189422460000063e-01
0.000000000000000000e+00 2.400000000000000050e-02 1.586803106159999999e+01 1.955126744360000113e-01 1.284189422460000063e-01
0.000000000000000000e+00 2.418529908019999980e-02 1.574416955719999578e+01 1.333686221179999909e-01 1.284189422460000063e-01
0.000000000000000000e+00 2.419999999999999929e-02 1.588122586509999934e+01 1.801749163430000078e-01 4.354028195640000098e-01
0.000000000000000000e+00 2.431399999999999881e-02 1.580134034670000176e+01 1.816627063069999881e-01 6.199996072099999519e-11
0.000000000000000000e+00 2.452500000000000166e-02 1.575001594709999608e+01 1.024385043450000005e-01 1.284189422460000063e-01
0.000000000000000000e+00 2.469999999999999973e-02 1.560553810989999590e+01 1.816210115980000095e-01 1.284189422460000063e-01
0.000000000000000000e+00 2.479999999999999913e-02 1.594802279059999961e+01 1.846053027959999870e-01 1.284189422460000063e-01
0.000000000000000000e+00 2.489999999999999852e-02 1.549555235879999771e+01 1.935239241649999997e-01 4.231226999999999935e-06
0.000000000000000000e+00 2.510000000000000078e-02 1.564012051889999810e+01 1.792227003359999904e-01 0.000000000000000000e+00
0.000000000000000000e+00 2.549999999999999836e-02 1.641201841809999706e+01 1.961673021120000082e-01 1.284189422460000063e-01
0.000000000000000000e+00 2.560000000000000123e-02 1.637656707539999701e+01 1.861738919689999994e-01 1.284189422460000063e-01
0.000000000000000000e+00 2.589999999999999941e-02 1.610781397230000067e+01 1.784896588229999970e-01 3.378998090600000143e-02
0.000000000000000000e+00 2.599999999999999881e-02 1.607313850979999614e+01 1.839336651169999892e-01 1.767030000100000089e-07
0.000000000000000000e+00 2.603799999999999865e-02 1.605910735039999793e+01 1.084997921590000053e-01 1.284189422460000063e-01
0.000000000000000000e+00 2.610000000000000167e-02 1.605226306950000037e+01 1.924695617140000092e-01 4.314509642999999825e-03
0.000000000000000000e+00 2.648899999999999866e-02 1.617253048149999728e+01 1.913122697400000127e-01 1.870261556999999958e-03
0.000000000000000000e+00 2.659999999999999865e-02 1.601533887189999916e+01 1.777168364280000135e-01 1.284189422460000063e-01
0.000000000000000000e+00 2.680919748050000079e-02 1.595199582170000241e+01 1.278795957030000041e-01 1.284189422460000063e-01
0.000000000000000000e+00 2.734200000000000172e-02 1.577761097519999822e+01 1.755108359470000101e-01 1.284189422460000063e-01
0.000000000000000000e+00 2.750000000000000014e-02 1.634155119039999704e+01 1.763646889580000043e-01 2.182510656530000093e-01
0.000000000000000000e+00 2.756872591090000005e-02 1.616731709540000139e+01 1.281179830879999870e-01 1.284189422460000063e-01
0.000000000000000000e+00 2.769999999999999893e-02 1.639684905480000054e+01 1.832987350510000002e-01 1.284189422460000063e-01
0.000000000000000000e+00 2.786500000000000088e-02 1.578522361049999745e+01 2.224264166340000071e-01 1.631344899999999940e-04
0.000000000000000000e+00 2.829999999999999877e-02 1.621211523640000252e+01 1.801244458379999969e-01 1.284189422460000063e-01
0.000000000000000000e+00 2.839602681160000031e-02 1.623999375159999659e+01 1.251988817190000103e-01 9.900003039580000216e-11
0.000000000000000000e+00 2.848799999999999943e-02 1.603842867499999869e+01 2.239059329979999902e-01 1.284189422460000063e-01
0.000000000000000000e+00 2.920000000000000026e-02 1.668441206680000022e+01 1.748201076349999994e-01 1.284189422460000063e-01
0.000000000000000000e+00 2.980213690100000021e-02 1.616276699259999816e+01 1.222268178739999989e-01 1.284189422460000063e-01
0.000000000000000000e+00 2.995499999999999899e-02 1.666410310970000097e+01 2.243685517679999963e-01 1.284189422460000063e-01
0.000000000000000000e+00 3.030000000000000054e-02 1.632010662909999610e+01 1.767473862600000001e-01 4.968000011369999744e-09
0.000000000000000000e+00 3.052900000000000058e-02 1.629109100080000161e+01 8.875066370900000501e-02 1.284189422460000063e-01
0.000000000000000000e+00 3.060399999999999926e-02 1.624208304159999727e+01 1.732954441419999880e-01 1.284189422460000063e-01
0.000000000000000000e+00 3.080000000000000099e-02 1.632082609039999710e+01 1.783704443180000043e-01 1.284189422460000063e-01
0.000000000000000000e+00 3.080000000000000099e-02 1.628534950449999741e+01 1.724930844229999871e-01 1.284189422460000063e-01
0.000000000000000000e+00 3.080000000000000099e-02 1.647098152659999926e+01 1.733100045959999891e-01 1.284189422460000063e-01
0.000000000000000000e+00 3.090000000000000038e-02 1.662131816229999970e+01 1.836892962620000069e-01 1.284189422460000063e-01
0.000000000000000000e+00 3.119999999999999857e-02 1.657470384439999833e+01 1.737624630240000023e-01 0.000000000000000000e+00
0.000000000000000000e+00 3.119999999999999857e-02 1.631865504679999646e+01 1.802166974190000104e-01 0.000000000000000000e+00
0.000000000000000000e+00 3.150000000000000022e-02 1.634298162519999664e+01 1.709935237449999867e-01 0.000000000000000000e+00
0.000000000000000000e+00 3.152800000000000047e-02 1.642061405860000178e+01 2.253624888449999863e-01 0.000000000000000000e+00
0.000000000000000000e+00 3.200000000000000067e-02 1.651853662410000112e+01 1.931046916620000053e-01 1.284189422460000063e-01
0.000000000000000000e+00 3.200000000000000067e-02 1.628034260629999608e+01 1.734463109359999922e-01 7.817620000240000260e-07
0.000000000000000000e+00 3.209999999999999659e-02 1.656220711639999621e+01 1.737410077000000053e-01 1.019202840000000036e-04
0.000000000000000000e+00 3.209999999999999659e-02 1.633992211569999853e+01 1.750254227389999861e-01 1.284189422460000063e-01
0.000000000000000000e+00 3.209999999999999659e-02 1.658783985440000208e+01 1.738451598319999958e-01 1.284189422460000063e-01
0.000000000000000000e+00 3.213401686140000130e-02 1.606997316750000238e+01 1.275120901160000098e-01 1.284189422460000063e-01
0.000000000000000000e+00 3.250000000000000111e-02 1.650493669729999624e+01 1.703947358959999880e-01 0.000000000000000000e+00
0.000000000000000000e+00 3.269999999999999990e-02 1.678601249549999608e+01 1.694923050400000131e-01 1.284189422460000063e-01
0.000000000000000000e+00 3.289999999999999869e-02 1.663361382499999763e+01 1.703931758960000042e-01 7.639126300000000308e-04
0.000000000000000000e+00 3.291237108810000228e-02 1.665969729949999589e+01 1.181143241209999944e-01 1.284189422460000063e-01
0.000000000000000000e+00 3.339999999999999913e-02 1.657178558369999877e+01 1.757727333999999919e-01 9.244773000019999593e-06
0.000000000000000000e+00 3.350000000000000200e-02 1.666567782149999744e+01 1.704902516129999934e-01 1.284189422460000063e-01
0.000000000000000000e+00 3.359999999999999792e-02 1.669723983289999580e+01 1.885204736299999906e-01 1.284189422460000063e-01
0.000000000000000000e+00 3.370000000000000079e-02 1.653553859809999693e+01 1.797374535969999965e-01 0.000000000000000000e+00
0.000000000000000000e+00 3.409999999999999837e-02 1.663438612350000056e+01 1.728345915420000101e-01 1.284189422460000063e-01
0.000000000000000000e+00 3.409999999999999837e-02 1.653374998030000143e+01 1.752224617070000101e-01 1.284189422460000063e-01
0.000000000000000000e+00 3.409999999999999837e-02 1.646232004619999856e+01 1.775691407960000023e-01 0.000000000000000000e+00
0.000000000000000000e+00 3.450000000000000289e-02 1.667008976639999673e+01 2.115624742489999877e-01 9.217000052080000175e-09
0.000000000000000000e+00 3.572000000000000175e-02 1.665238592290000241e+01 1.711869873630000038e-01 7.982152506599999864e-01
0.000000000000000000e+00 3.599999999999999728e-02 1.651286237789999944e+01 1.678852495410000090e-01 1.284189422460000063e-01
0.000000000000000000e+00 3.599999999999999728e-02 1.637110496420000061e+01 1.790221224059999894e-01 1.284189422460000063e-01
0.000000000000000000e+00 3.599999999999999728e-02 1.683814414319999742e+01 1.770003639649999905e-01 1.284189422460000063e-01
0.000000000000000000e+00 3.620000000000000301e-02 1.667871588199999877e+01 1.717422040680000039e-01 1.284189422460000063e-01
0.000000000000000000e+00 3.645700000000000329e-02 1.682607840779999719e+01 2.176285883819999989e-01 1.284189422460000063e-01
0.000000000000000000e+00 3.647999999999999854e-02 1.659716724740000160e+01 1.701749528450000049e-01 1.284189422460000063e-01
0.000000000000000000e+00 3.660000000000000059e-02 1.666313593609999799e+01 1.689636879470000075e-01 1.284189422460000063e-01
0.000000000000000000e+00 3.769999999999999740e-02 1.648705971470000264e+01 2.941065606120000231e-01 1.284189422460000063e-01
0.000000000000000000e+00 3.930000000000000160e-02 1.702624029709999576e+01 9.910052838249999718e-02 1.284189422460000063e-01
0.000000000000000000e+00 4.019999999999999962e-02 1.706637836069999992e+01 1.706373495799999862e-01 1.284189422460000063e-01
0.000000000000000000e+00 4.059999999999999720e-02 1.705748040790000175e+01 1.723173448410000030e-01 1.284189422460000063e-01
0.000000000000000000e+00 4.209999999999999853e-02 1.709231030969999665e+01 1.699304174709999893e-01 1.284189422460000063e-01
0.000000000000000000e+00 4.223299999999999971e-02 1.702830483049999799e+01 1.671740423380000118e-01 1.284189422460000063e-01
0.000000000000000000e+00 4.229999999999999732e-02 1.708467117819999714e+01 1.715821967020000061e-01 0.000000000000000000e+00
0.000000000000000000e+00 4.250000000000000305e-02 1.661994709609999887e+01 1.952960130780000136e-01 1.284189422460000063e-01
0.000000000000000000e+00 4.371891148950000222e-02 1.707841129799999891e+01 1.272142925289999893e-01 5.516717932950000458e-01
0.000000000000000000e+00 4.497667261129999899e-02 1.724224069799999626e+01 1.083425472250000021e-01 9.304672191839999940e-01
0.000000000000000000e+00 4.529500000000000193e-02 1.733211745780000257e+01 1.649812486439999892e-01 1.284189422460000063e-01
0.000000000000000000e+00 4.696733461560000100e-02 1.718625872869999682e+01 1.103091421719999965e-01 1.284189422460000063e-01
0.000000000000000000e+00 4.839219539540000337e-02 1.737767966460000224e+01 1.192156282140000023e-01 1.284189422460000063e-01
0.000000000000000000e+00 4.881800000000000028e-02 1.707385605830000230e+01 1.602992650660000074e-01 5.144600001560000057e-08
0.000000000000000000e+00 4.894799999999999846e-02 1.742344268090000270e+01 1.725476187309999965e-01 0.000000000000000000e+00
0.000000000000000000e+00 4.909999999999999781e-02 1.742198116429999999e+01 1.758432231640000010e-01 0.000000000000000000e+00
0.000000000000000000e+00 4.992200000000000110e-02 1.725881875279999633e+01 1.623038196269999955e-01 1.284189422460000063e-01
0.000000000000000000e+00 5.004299999999999721e-02 1.737421319759999960e+01 1.668288514129999955e-01 1.284189422460000063e-01
0.000000000000000000e+00 5.220000000000000334e-02 1.736615989159999884e+01 1.891178030029999901e-01 1.284189422460000063e-01
0.000000000000000000e+00 5.292600000000000082e-02 1.750953653669999710e+01 1.557559148000000060e-01 1.284189422460000063e-01
0.000000000000000000e+00 5.371000000000000080e-02 1.716828377710000098e+01 2.217002605520000114e-01 1.284189422460000063e-01
0.000000000000000000e+00 5.439999999999999697e-02 1.764628069269999600e+01 8.609535252859999710e-02 1.284189422460000063e-01
0.000000000000000000e+00 5.460000000000000270e-02 1.730140379680000251e+01 1.766551810889999963e-01 0.000000000000000000e+00
0.000000000000000000e+00 5.668336707519999740e-02 1.765546834930000131e+01 1.100709379389999965e-01 1.284189422460000063e-01
0.000000000000000000e+00 5.759999999999999842e-02 1.777210193930000059e+01 1.618526722209999991e-01 9.962650536570000215e-01
0.000000000000000000e+00 5.829999999999999766e-02 1.772447544930000163e+01 2.062566693690000008e-01 0.000000000000000000e+00
0.000000000000000000e+00 5.829999999999999766e-02 1.775013343159999835e+01 1.680896813799999945e-01 0.000000000000000000e+00
0.000000000000000000e+00 5.890000000000000097e-02 1.780349279530000217e+01 1.656823507799999873e-01 1.000000000000000000e+00
0.000000000000000000e+00 6.183576469379999802e-02 1.782283976280000104e+01 1.156800713419999932e-01 9.877109884950000529e-01
0.000000000000000000e+00 6.266800000000000148e-02 1.817525463269999619e+01 1.560994347390000092e-01 1.284189422460000063e-01
0.000000000000000000e+00 6.386408369639999527e-02 1.800778689429999702e+01 1.196149651620000004e-01 5.516717932950000458e-01
0.000000000000000000e+00 6.429999999999999605e-02 1.786734750009999573e+01 1.660080100740000120e-01 1.284189422460000063e-01
0.000000000000000000e+00 6.510000000000000508e-02 1.799853607979999737e+01 1.628085843379999953e-01 1.000000000000000000e+00
0.000000000000000000e+00 6.644031234019999455e-02 1.806395033700000141e+01 1.175824013999999945e-01 5.435630843940000290e-01
0.000000000000000000e+00 6.840000000000000246e-02 1.842304226670000133e+01 1.705916431320000093e-01 0.000000000000000000e+00
0.000000000000000000e+00 6.880000000000000004e-02 1.817848092879999911e+01 1.980258087690000002e-01 2.711147348799999857e-02
0.000000000000000000e+00 6.900000000000000577e-02 1.825789326019999947e+01 1.761636398950000015e-01 3.077787500009999781e-05
0.000000000000000000e+00 7.008599999999999552e-02 1.813858182459999568e+01 1.584669344330000007e-01 1.284189422460000063e-01
0.000000000000000000e+00 7.460500000000000465e-02 1.827996103870000155e+01 1.597708645600000033e-01 1.284189422460000063e-01
0.000000000000000000e+00 7.535011198150000367e-02 1.827193519899999785e+01 1.022746729690000023e-01 9.960805717749999788e-01
0.000000000000000000e+00 7.839999999999999747e-02 1.837408573559999780e+01 8.721680463360000080e-02 1.284189422460000063e-01
0.000000000000000000e+00 7.857699999999999407e-02 1.818000754290000032e+01 1.556356561849999987e-01 1.284189422460000063e-01
0.000000000000000000e+00 8.004814400210000236e-02 1.837755461749999597e+01 1.019684921440000003e-01 1.284189422460000063e-01
0.000000000000000000e+00 8.429999999999999993e-02 1.874367640300000204e+01 2.002536452270000100e-01 1.284189422460000063e-01
0.000000000000000000e+00 8.568945936069999325e-02 1.868925868830000070e+01 1.163652800479999944e-01 4.916236675999999944e-03
0.000000000000000000e+00 8.569611706520000038e-02 1.868563699290000102e+01 1.179712378720000066e-01 5.516717932950000458e-01
0.000000000000000000e+00 8.585464414370000408e-02 1.864428940340000196e+01 1.125898532880000025e-01 1.000000000000000000e+00
0.000000000000000000e+00 8.758900000000000019e-02 1.892090233159999713e+01 1.877456792720000045e-01 1.284189422460000063e-01
0.000000000000000000e+00 8.901942929389999870e-02 1.852029821080000005e+01 1.174327054459999992e-01 5.516717932950000458e-01
0.000000000000000000e+00 9.293681819969999702e-02 1.883767532259999911e+01 1.189503559539999977e-01 5.516717932950000458e-01
0.000000000000000000e+00 9.314940268549999625e-02 1.897275900719999697e+01 1.144538300190000024e-01 5.516717932950000458e-01
