0.000000000000000000e+00 3.400000000000000115e+35 8.000000000000000444e-01
1.794504295754145280e+17 3.547626462876827019e+35 8.222692939084447206e-01
7.197790528185437174e-31 3.707003363293690792e+35 9.216381151525829818e-01
2.996244756962001656e+22 3.379547139046752324e+35 6.365377716190703250e-01
2.614785905940135025e-67 3.137762692190738666e+35 7.168621426303578570e-01
2.348651603500946976e+02 3.707985309527535507e+35 6.952735876444282592e-01
7.122894990074880073e-155 3.806195042350660251e+35 3.654307199260799499e-01
1.003587230092630456e-01 3.857627844641783079e+35 7.672130579599809597e-01
1.820261180255635996e-60 3.912047898095677491e+35 5.893746245991671184e-01
1.194121216113969323e-77 3.993783593967611012e+35 5.940980987032601357e-01
