0.000000000000000000e+00 3.500000000000000075e+35 7.500000000000000000e-01 -2.500000000000000052e-03 2.000000000000000111e-01 5.000000000000000240e-05 -9.000000000000000222e-01
2.640944805867374464e+72 3.423691015307040753e+35 7.167195111176176692e-01 -2.382351716189539531e-03 2.392280283023396903e-01 3.897087874850963543e-05 -8.892973927793094147e-01
2.570757965710462781e-150 3.474635598810031724e+35 7.792077965692260078e-01 3.003448921108948372e-04 1.504515548297677974e-01 1.913917341838377326e-05 -9.515513691716083189e-01
2.857910664370381208e-197 3.704383446806356528e+35 7.911149107648879353e-01 5.580116663032900701e-04 1.218200901988452239e-01 3.060008143439861084e-05 -8.458264535060944223e-01
0.000000000000000000e+00 3.858073016938847862e+35 6.682103604799463081e-01 -5.383398829982347783e-03 1.211109372938169587e-01 3.929366545455456329e-05 -9.855373832826170855e-01
0.000000000000000000e+00 3.103670664931933129e+35 7.096092386310879352e-01 -1.598592062236868245e-03 3.817100428970026660e-01 5.181379695525648775e-05 -9.164146631305267743e-01
5.777504282734845517e+79 3.379787885061276926e+35 6.672149967028809803e-01 -4.095876017674256186e-03 2.291384871434338222e-01 5.344800217328078874e-05 -8.683489144231533174e-01
0.000000000000000000e+00 3.454226474179948913e+35 6.849014412033112009e-01 -4.771700129160142897e-03 2.659017899349541691e-02 4.716495088438587690e-05 -7.768536306524828072e-01
1.338282524095120834e+97 3.241502491881522413e+35 6.680204303293385548e-01 -8.326189049909999210e-04 2.764839022260939805e-01 4.817333843851838156e-05 -8.269408285492050315e-01
0.000000000000000000e+00 3.312730500984988852e+35 7.171017374713148929e-01 -2.730860776980128992e-03 3.995280137587827185e-01 2.764996605257441165e-05 -8.833617645482800818e-01
