0.000000000000000000e+00 3.500000000000000075e+35 7.500000000000000000e-01 -2.500000000000000052e-03 2.000000000000000111e-01 5.000000000000000240e-05 -9.000000000000000222e-01
0.000000000000000000e+00 3.126644289565902782e+35 6.731711626432714812e-01 -3.793051332053161417e-03 1.816232383360164571e-01 4.619644928268854314e-05 -9.595591370503875339e-01
0.000000000000000000e+00 3.161461138897312778e+35 7.852936547713460502e-01 -9.204235493643834858e-04 1.095106530936215683e-02 5.509239127839522337e-05 -9.249505158358591883e-01
0.000000000000000000e+00 3.510251524166532034e+35 7.562312343150779936e-01 1.911505670383994819e-04 2.370269804395437330e-01 4.770256787195126339e-05 -8.232426940194516041e-01
2.151773043251695276e-10 3.493669686581147226e+35 7.281142791468907527e-01 -2.259556925096401197e-03 2.262970711655812039e-01 9.224444180677549682e-05 -9.123450078252879347e-01
8.506122274559912391e-198 3.201827628850211609e+35 8.013618466067730095e-01 -4.889634995445829406e-03 2.656763356520758235e-01 6.097045520477565499e-05 -8.636494523288998915e-01
1.487532607436165316e-242 3.334385472300553433e+35 7.460674406952473303e-01 -2.227916141137282775e-03 1.528068271387973409e-01 -3.176411016951998043e-07 -9.044339507414910218e-01
1.193414205899177561e-116 3.641986851811541321e+35 7.336418559938946427e-01 -4.869606303593253249e-03 1.099425558411938342e-01 6.468629594613125927e-05 -8.390117022527617818e-01
0.000000000000000000e+00 3.450982105500559066e+35 7.312841293024121558e-01 -2.207100436560046394e-03 3.595772833510602062e-02 2.367363499980576743e-05 -8.572265476098567261e-01
0.000000000000000000e+00 3.518977460297385975e+35 7.346681388154322478e-01 -3.688775165526867426e-03 2.464222988807797110e-01 1.555275710224812561e-05 -8.152103546315643268e-01
