0.000000000000000000e+00 3.500000000000000075e+35 7.500000000000000000e-01 -2.500000000000000052e-03 2.000000000000000111e-01 5.000000000000000240e-05 -9.000000000000000222e-01
3.953630015153896552e-288 3.356397136593308271e+35 7.641684462233357955e-01 5.747511952691897880e-04 1.639741789757262480e-01 2.241558511745900235e-05 -1.028804910292422159e+00
0.000000000000000000e+00 3.461393443212003209e+35 7.935600360165268041e-01 -1.370487734484989416e-03 9.536986241240588691e-02 2.607519906482278559e-05 -9.579679775183743695e-01
0.000000000000000000e+00 3.347627755176587012e+35 6.532603951036967116e-01 -5.612530121132310468e-04 1.435856183910179107e-01 4.230209135881756767e-05 -9.415523064755251248e-01
3.878660579598900617e-115 3.631254102594640838e+35 7.111316151009198228e-01 -1.231298229161297171e-03 1.356156867620094686e-01 2.670999082316779673e-05 -8.970537587798843582e-01
0.000000000000000000e+00 3.466190825747495537e+35 7.554247551499226887e-01 -2.636415589153466056e-03 -5.632266838068117343e-02 3.499078937274112465e-05 -8.961363875802407231e-01
0.000000000000000000e+00 3.544008446775983940e+35 7.857998810474933205e-01 -1.896563019057382823e-03 2.688982655463715843e-01 6.617415289070268237e-05 -9.535797809049131324e-01
0.000000000000000000e+00 3.359768029076405987e+35 7.592150408295232911e-01 -1.049091199745518128e-04 2.899248062156039030e-01 8.007538946518169803e-05 -8.555520559107060441e-01
7.684398741725214021e-227 3.649466192062833814e+35 7.406102216154313300e-01 -2.650517108862333448e-03 2.058697408097823200e-01 7.613411685201371495e-05 -9.064373401728176294e-01
1.171055924475578024e+22 3.314844595078149549e+35 7.248307309255704878e-01 5.982470021468253539e-04 2.039072493394341046e-01 6.245102386327641524e-05 -9.420348174129198338e-01
