0.000000000000000000e+00 3.400000000000000115e+35 8.000000000000000444e-01 -2.000000000000000042e-03 2.000000000000000111e-01 5.000000000000000240e-05
0.000000000000000000e+00 3.053751192193842106e+35 6.293138524888876040e-01 1.735318051930170684e-04 3.283041933368494036e-02 7.807904294955761589e-05
8.728128511284460354e-125 3.253661871951151869e+35 7.065471809559606964e-01 -5.646621102335445778e-03 2.149492464885734699e-01 5.517608523990904558e-05
5.003250222548244236e+43 3.151665976252613700e+35 9.518678733516575674e-01 -2.278087122637477251e-03 2.730901842545647717e-01 3.682364640438608893e-05
9.426952498462441766e-39 3.395361768117247423e+35 8.895499592062753313e-01 -4.328054320305529945e-03 3.246977546391229819e-01 4.410482431346773451e-05
4.007405389990861994e-23 3.002127404417327282e+35 8.583114825309970941e-01 8.859327133950867933e-05 2.761974490328782394e-01 2.931806321085469509e-05
1.577143787317624921e-04 2.950116003738924809e+35 7.927662296605495484e-01 -4.772402160451189035e-03 3.704222189338263194e-01 1.521861062828210208e-05
4.949778712100129039e-19 3.366216320381396774e+35 6.848782621874667242e-01 1.543263870268222517e-04 3.007446232890130799e-01 3.532368614622307101e-05
2.423961240168821625e-183 3.315217863734266922e+35 8.960360528257154122e-01 -4.646515824022951803e-04 4.583113439222684660e-01 2.407869581852239765e-05
6.548081498675496732e+02 3.373300026945074115e+35 8.281267323274527081e-01 -2.577596760129296019e-03 2.747890795017010057e-01 2.921618780690510460e-05
6.189642864128304164e-154 3.864791839709717926e+35 7.091629311287763748e-01 -2.375330334370351001e-05 4.107523563565294578e-01 3.683126251084353449e-06
2.622958020179206046e-25 3.609278913846123418e+35 8.614104307557978180e-01 -5.083151327046828150e-03 1.548098374405604827e-01 4.999871555621829359e-06
1.213203119944654554e-266 3.287165614179189192e+35 7.571698124139994990e-01 -2.359982443798449864e-03 1.423070375837951207e-01 3.657617734578005300e-05
1.327708403060847659e-233 3.731512721841621645e+35 8.526550780674106988e-01 -7.405798976714839110e-03 4.043255070745894741e-01 2.663561381831018382e-05
3.408338762299888122e-40 3.405398113498265263e+35 8.447282946880919630e-01 -2.873279343634849159e-03 3.470456385744913885e-01 4.159141764987350906e-05
4.507457631987371070e-41 2.816055786523908964e+35 8.874577611166902802e-01 -9.223109892656587271e-04 2.923211514072993067e-01 4.669172386935745785e-05
3.900963707089652289e-121 3.419192460761755142e+35 9.452470801362947705e-01 -2.364053459967504264e-03 3.545568698284153331e-01 4.729013972948719322e-05
3.948615836850944924e-38 3.750780070469058279e+35 9.556869612624792065e-01 -2.281972054118743508e-03 1.911823706689059210e-01 2.738621864798568127e-05
1.348115272191227618e-10 3.116525097007731181e+35 7.666730589204999724e-01 -1.491395390142562748e-03 4.214706348540070979e-01 2.851056758431510851e-05
1.184049578112425359e-14 3.291262972493223186e+35 8.964846763687818187e-01 -5.048327000030492992e-03 2.095359740912421387e-01 2.943376527116577711e-05
5.561240097264346376e-265 3.931823210387352736e+35 9.469541703683442835e-01 -2.230490723510170081e-03 3.099780862368595180e-01 4.018267506641691282e-05
1.903026875231936255e-01 3.668132695379137934e+35 6.728403708293493324e-01 -4.608808131875039363e-03 3.195310626390417963e-01 1.495797679849859206e-05
9.998515144302207324e-39 3.584148443243420507e+35 7.929857987782804596e-01 -4.642471321149376634e-03 3.364960909001019074e-01 -4.516514718191940147e-05
2.363148180806546855e-16 3.514632318571155957e+35 6.884969384769390466e-01 -7.445682929746035711e-03 3.864042226654238465e-01 1.246384487797808424e-05
0.000000000000000000e+00 3.568769100200744090e+35 4.986977948930675364e-01 -5.462438130853855545e-03 1.548317006938540463e-01 1.586825031096168365e-06
3.164451584925111888e-02 3.519373922313337291e+35 6.082416626054470976e-01 -3.777577224089254809e-03 3.731944791713014964e-01 6.713557542969557867e-06
1.039848505179215236e-09 3.822798802375402575e+35 7.136134003187931674e-01 -3.007095262589259358e-03 2.923684996958147431e-01 4.033619271244733332e-05
2.087539054235687934e-281 3.368883479999651700e+35 5.881066346751215868e-01 -6.334097636148099814e-03 2.267151562447985713e-01 6.411502092684427429e-05
2.153593261706473003e-66 3.587264241636188960e+35 7.046748166355606413e-01 -2.022917223003189210e-03 4.151161469742181698e-01 1.219396407323037948e-05
1.729442478739046585e-229 2.985611741761636926e+35 6.575111053431458297e-01 -6.999783675605094312e-03 2.786087131436220110e-01 -8.484280166432658151e-06
2.893032452279905352e-47 3.752570782445068046e+35 6.918317945441730954e-01 -2.886521181137872462e-03 3.688268258599533556e-01 1.121362146578662756e-05
2.024926479700738180e-287 3.826285338977245936e+35 8.716915419270403476e-01 -6.852923506786616492e-03 3.963055121029227523e-01 2.394590668705586431e-05
0.000000000000000000e+00 3.936026603753916877e+35 4.674266575211764030e-01 -5.110063818682300529e-03 1.162475284451625901e-01 4.022738466153320277e-05
1.266724782349540450e-14 3.326372968025889525e+35 8.221229188048765346e-01 -7.817719875478659070e-03 3.486657408804436642e-01 2.467780612551864712e-05
0.000000000000000000e+00 3.449299412116315370e+35 3.329495154451413419e-01 -5.311125429574927587e-03 3.507398791320989195e-01 4.735185938825796581e-06
2.464890867328770797e-17 3.541284547202445791e+35 7.744735869510833703e-01 -2.148075783125574095e-03 3.265041576939734513e-01 3.932181328440873287e-06
0.000000000000000000e+00 3.864158027033595487e+35 7.687728295629856490e-01 -2.830581535755228792e-03 4.652493315364074622e-01 2.780529444453888930e-05
1.467449083790338951e-07 3.507239126082450841e+35 5.977917905465116588e-01 -3.554912116152648613e-03 3.566605758629478595e-01 6.497503003153806819e-06
1.672721395701268339e-106 3.502146759601147358e+35 9.092706846121131337e-01 -5.690136876173345834e-03 3.470616418774243317e-01 9.491083762935048808e-06
0.000000000000000000e+00 3.450290142685753665e+35 5.001921942115563624e-01 -6.086804066485594286e-03 2.156334137494984593e-01 2.291096301413433390e-05
4.018802645537441797e-51 3.237786266557919062e+35 8.759425903036200944e-01 -1.920456399906478231e-03 1.860446691437078748e-01 1.203331787898264239e-05
2.160295820096049860e-224 4.116506831658335472e+35 6.290873657290312337e-01 -5.445222288417419718e-03 4.498381891536624710e-01 4.138290341152162788e-05
1.965682911419100511e-36 3.533844360831957173e+35 4.250932736346148544e-01 -3.830296557983229461e-03 4.273006072547627654e-01 4.891414860606346917e-05
8.700862650608340632e-43 3.796050660231375162e+35 6.508142163423794591e-01 -7.270570898732092724e-04 3.781030637478063339e-01 4.818011967372243888e-05
3.446170861811229931e-77 3.536053473306238645e+35 9.258284492750257222e-01 -4.079704254020418384e-03 3.029457257115920066e-01 -8.767571633713860349e-06
5.591322114322057922e-07 3.736878778330577984e+35 6.245826542382357793e-01 -4.491885244850685015e-03 3.557856981480634895e-01 9.901118280913183027e-06
1.817845379306767155e-155 3.522627100929019835e+35 5.313865127162649138e-01 -3.378069180963053607e-03 2.782171588005108998e-01 2.380049867974752287e-05
6.661550655793446425e-184 3.799979262876014621e+35 5.423220085284570224e-01 -5.927876260388063867e-03 5.500892640407315515e-01 6.675525634613303501e-05
7.955263040915833876e-41 3.658278213422613312e+35 3.261265050288496559e-01 -2.127658326086086672e-03 4.702365966035096934e-01 9.515567510141849313e-06
4.936224760638077848e-05 3.200143565990436800e+35 7.630508781298914744e-01 -3.760263411130245099e-03 3.246302974192806778e-01 5.012905324672156369e-06
2.456549434820775370e-192 3.772552548631130588e+35 8.077474573649988665e-01 -4.550545267129456166e-03 3.976132647302715317e-01 1.034386521366488623e-05
5.706590585700807842e-39 3.823332368581532765e+35 4.920791776646389337e-01 -5.540255108272390192e-03 4.650060458947289366e-01 1.305510653372760431e-05
0.000000000000000000e+00 3.117810091207488723e+35 6.225037379077353883e-01 -1.920620578124960717e-03 2.301238354098798511e-01 3.373172577271833138e-05
3.488254812096362473e-03 3.380641488592267797e+35 8.051947980153233431e-01 -4.788049208093819037e-03 3.145719325890351525e-01 -1.407624865121962843e-05
1.598145221884340282e-65 3.558349113902175920e+35 7.806080317646834077e-01 -5.192021683226195894e-03 1.707641433929336927e-01 2.910773859142000289e-06
2.250576605689799704e-13 3.996906338324610782e+35 6.248559154687632899e-01 -1.794165385269626874e-03 3.197835594822542871e-01 2.338000696608480986e-05
6.691705824698208693e-09 3.646573872626492595e+35 5.563655052756548702e-01 -3.688952477073035273e-03 3.533649620147068515e-01 2.237072306147319122e-05
0.000000000000000000e+00 3.649880299391478189e+35 8.910730426691017003e-01 -3.274236095573936165e-03 4.643192209293020012e-01 1.964605383732632873e-05
5.017959350437270136e-03 3.651474677596628955e+35 7.909771494575084105e-01 -4.069323690070045935e-03 2.607211959990090033e-01 6.205816144898883283e-06
1.309318740297234617e-07 3.608567534183997246e+35 5.804615508852716266e-01 -5.159916233005282238e-03 3.484017150382711647e-01 3.888491673270610645e-05
5.989385132472074257e-177 3.288979569400479891e+35 3.687584096930333066e-01 -5.797853393972972683e-03 4.233069748083314043e-01 -3.397381005945474409e-05
0.000000000000000000e+00 3.633050640444630473e+35 3.663070888996438623e-01 -5.287013840055780275e-03 3.124947779833310846e-01 4.686570108761724761e-05
8.732114245263684627e-01 3.769108515130273234e+35 7.185656072801308580e-01 -7.122976642734332384e-03 2.511999630574518472e-01 3.450344966497085182e-06
2.257215989525700180e-23 3.460293334330099685e+35 6.448341859638012652e-01 -5.562866315804814235e-03 4.338619977327698995e-01 -3.925585938867270864e-06
2.161188112074820487e-43 3.505677843018726090e+35 4.464346431681990301e-01 -2.358127178745738489e-03 4.082976093939943985e-01 2.460101362221481019e-05
2.746422881951625424e-238 3.353030435036424974e+35 7.988368443003606156e-01 -1.826191818401990720e-03 1.162131466795263413e-01 1.107864911330460901e-06
2.159269301286916931e-13 3.468491900774838701e+35 8.885996668649881469e-01 -6.495979017707650266e-03 2.677832160673958017e-01 2.328344852736913620e-05
1.008904227038516818e-275 3.540143523020564307e+35 6.601451996284039003e-01 -3.828030123856387013e-03 1.553409820914067874e-01 3.972719170586391899e-05
5.153349350173010577e-14 3.566134427573131557e+35 8.849727536479856660e-01 -3.043970690975157309e-03 2.451091527869189990e-01 -1.548690997939730906e-06
1.524971025276877588e-53 3.429388345976232145e+35 8.621019053151925959e-01 -4.530575343576882449e-03 3.473299308910919314e-01 3.440381531370088330e-06
1.422086606700953472e-186 3.440167086555519302e+35 3.720265226516635826e-01 -4.939350498361263185e-03 3.866407178509939091e-01 1.617066664642823144e-05
2.183217550569401927e-99 4.044847643128675575e+35 8.181651525078283971e-01 -3.933894088851037051e-03 2.757124650123670695e-01 -1.660776706630488888e-05
4.560645118117944719e-13 3.543690580998967516e+35 6.821663355932336970e-01 -2.193363199637569753e-03 3.734544604186497141e-01 -1.919349058980726028e-05
1.222083147328037676e-71 4.206193336970107531e+35 5.777053191668568566e-01 -5.183331033477141421e-03 3.749220405935722034e-01 1.245662852272971910e-05
2.677939074690174834e-16 3.389002491446525034e+35 6.305665398412678702e-01 -2.941860090977547679e-03 3.412126222999852243e-01 1.198909495995501116e-05
2.447951689400061396e-150 4.129956819938531955e+35 6.327020358128905286e-01 -4.751734664176616996e-03 4.055320574960005198e-01 6.974978946250423887e-05
0.000000000000000000e+00 3.991991438075162292e+35 8.934973865213943212e-01 -7.301543812376005624e-03 3.734019271844581933e-01 2.394131328655533844e-06
5.127221397769200990e-87 3.490633123348973093e+35 7.351845504436252954e-01 -5.353183279392096337e-03 4.408286645933468528e-01 4.019694843780015890e-05
4.565630174338956765e-92 3.597507571925221085e+35 7.309664252942763563e-01 -4.918362748240919652e-03 1.759721848357976293e-01 3.409113174121485696e-05
1.089187632114856253e-13 3.890777621946932433e+35 8.555761804255687109e-01 -7.152535741380540088e-03 1.968373751069583677e-01 9.779171874180265280e-06
1.014654438002997519e-07 3.665386571181294560e+35 6.463502289907065990e-01 -1.702637424507526254e-03 3.569219833021860522e-01 3.617943638525983048e-05
4.484667523202940475e-14 3.908528964702709208e+35 4.993056669782056645e-01 -1.195738834539566368e-03 3.313770092651068255e-01 -5.584746866736465122e-06
9.045866761511588139e-02 3.423311623585279285e+35 6.547059989956359738e-01 -1.808499391971361055e-03 3.777779593734379437e-01 4.389453003236958094e-05
1.477171858172231082e-04 3.671552435906382424e+35 7.324632766316981902e-01 -5.831862620461236366e-03 2.457681711802908175e-01 -2.553494190786181596e-05
1.021029717916328490e-209 3.262405404114699478e+35 7.165979627389247320e-01 -5.851362248689501860e-03 1.920668138618933374e-01 2.008822621598100404e-05
3.962260407013866448e-02 3.801383070836343301e+35 7.156401453775084187e-01 -6.679171061625334416e-03 2.781721946468294626e-01 4.419099292217001690e-05
9.009098776862076962e-14 3.727231440004216307e+35 5.267246483922409794e-01 -5.203792965600615578e-03 3.493238726857763043e-01 5.166842823204268175e-06
2.256673764763570165e-84 3.655411936969646743e+35 8.334854240636928591e-01 -6.213384794340446465e-03 3.394492214609584613e-01 5.494710014603526431e-06
3.823064147368034888e-283 3.703111206068972798e+35 8.997739893607906714e-01 -4.096856051354692482e-03 4.054904858945221346e-01 -2.045572405155913299e-05
3.861309987746898637e-45 3.572728989129905040e+35 9.063041810418807076e-01 -2.862402241902772121e-03 2.740373164526345717e-01 6.488754634052632087e-06
1.341949015278916120e-08 3.489941846758441062e+35 6.901455053976861542e-01 -5.489769111952838739e-03 2.968288012756629124e-01 1.222031572500570465e-05
2.482369196991408873e-100 3.452859994797881259e+35 9.706531618023168662e-01 -2.575864630951058085e-03 3.143158343520380260e-01 6.275165878413439076e-05
1.627779493291101450e-05 3.704622129126714874e+35 7.891415619584678520e-01 -4.641696249692711662e-03 2.595460972134048805e-01 -2.570357984294847805e-05
4.764896848893005460e-159 3.315681400115043469e+35 4.228360209607133768e-01 -5.306467298304390345e-03 3.887970478070543745e-01 1.005131466939178447e-05
1.003964372775971471e-42 3.831007320862868147e+35 7.618969968126618753e-01 -4.744747652634487799e-03 3.069222478851700853e-01 4.486071708535642705e-05
2.315007164860130862e-01 3.843973372579143923e+35 6.190544782454713291e-01 -8.626825569998865240e-03 3.234611993365544280e-01 2.922959110426468464e-05
7.117637126047202667e-01 3.827028198278679745e+35 7.183693068886436439e-01 -4.762269316792324542e-03 2.640247514834261899e-01 3.093207113876510705e-05
1.973679137531015747e-198 3.286163855085429655e+35 7.808576958689532610e-01 -5.939771857809786684e-03 5.508934960847322593e-01 4.757892665749385906e-05
1.629759013865463318e-70 3.841867058547744459e+35 8.208424462902896845e-01 -6.156232472832774000e-03 2.949220286194585428e-01 -1.628348949611973747e-05
1.825588227481373389e-24 3.502881411523761034e+35 6.295573666505451804e-01 -5.626712989990297065e-03 4.345709283870288209e-01 2.706467658125576658e-05
