0.000000000000000000e+00 3.500000000000000075e+35 7.500000000000000000e-01 -2.500000000000000052e-03 2.000000000000000111e-01 5.000000000000000240e-05 -9.000000000000000222e-01
2.170934011502722767e-128 3.555099997975455068e+35 7.428339253915126061e-01 -4.557969602452186485e-03 2.151245904484411775e-01 3.220678560852268963e-05 -8.849042340845596488e-01
3.085343914825887946e+132 3.592543244583516224e+35 7.166478668373971184e-01 -1.697587589515427110e-03 1.760882213505148564e-01 2.765704631752949623e-05 -7.483232690980933244e-01
0.000000000000000000e+00 3.453482716245083143e+35 7.502448985655303382e-01 -6.423070329336123818e-04 7.227884119791669337e-02 5.344695152901913436e-05 -7.726274795808961704e-01
0.000000000000000000e+00 3.633291282796893873e+35 6.962658483458173952e-01 -2.271801281942393419e-03 2.396005213442858883e-01 5.352398574116967527e-05 -8.034410442796268148e-01
4.056204743425306328e-221 3.541459621449893988e+35 7.627745960430279970e-01 -9.361494375611221531e-05 9.336604894802284782e-02 4.071800451209038000e-05 -7.884490324507961168e-01
0.000000000000000000e+00 3.514786123337916863e+35 7.002393895860430373e-01 -1.682844375351151382e-03 3.623999534529344091e-01 4.922994081725974304e-05 -7.996869078952237864e-01
0.000000000000000000e+00 3.471143026990151307e+35 7.285041332674694337e-01 -2.707966026755326272e-03 4.184977739879247594e-01 3.420880288374692862e-05 -7.092517261434073683e-01
0.000000000000000000e+00 3.737123184141323528e+35 7.053542405636237245e-01 1.381907213389298563e-03 3.421749539315149802e-02 3.689707619289288575e-05 -8.623909924042412189e-01
0.000000000000000000e+00 3.603568841147232224e+35 7.085949662849421182e-01 3.691771512725828316e-04 2.749736290419582119e-01 -1.365695478109247486e-05 -6.389093939975923897e-01
