0.000000000000000000e+00 3.400000000000000115e+35 8.000000000000000444e-01 -2.000000000000000042e-03 2.000000000000000111e-01 5.000000000000000240e-05
1.022927929173401062e-04 3.323810528634288007e+35 7.714985791374304736e-01 -5.225712970596037982e-03 2.306299449987064265e-01 6.296500563882590428e-05
2.903817438523697670e-30 3.116265380532751912e+35 8.174858238669029387e-01 1.047245458617468688e-03 2.234921100446557729e-01 7.159309207600073131e-05
1.739524420182173173e+31 3.554129768912183140e+35 8.976316978766830657e-01 1.980720697530502158e-04 1.557424520940213220e-01 4.782048141713002342e-05
3.389647560968567707e-287 3.495854544294049909e+35 7.455947316616138298e-01 1.744088641125909173e-04 1.031187430644406183e-01 6.601039727138244371e-05
0.000000000000000000e+00 3.689563007908395151e+35 7.976963212885691545e-01 2.979405065441246680e-03 1.829108375113219775e-02 8.068363366921552874e-05
3.242287871292140415e-31 3.380535234184518821e+35 8.020215197306435062e-01 -7.307119358751221812e-04 2.022438959589938356e-01 3.364615170001863172e-05
7.097943098549295973e+04 4.050465616543178243e+35 7.916616196033718911e-01 -1.197531052871966730e-03 1.984924944889479015e-01 4.202873777497500148e-05
1.116870305847844282e-43 4.396883454679918486e+35 8.055965334966044278e-01 -1.944306054254966434e-03 1.850557079307907082e-01 5.919014435479217902e-05
1.412784198602944976e-203 4.378974602542646460e+35 9.691914535589252200e-01 -3.656598039235813002e-05 1.793866335677410384e-01 4.484032447992057098e-05
9.143782305414892107e+03 3.550593780614956909e+35 7.938555528206859835e-01 -5.388655288670450181e-04 2.248511290679364449e-01 4.552165354817206241e-05
9.943460737105474073e-08 3.452671701051733163e+35 8.285587222137281715e-01 5.092650698729921143e-04 2.098735196691392246e-01 4.505358374552005185e-05
6.422944073413647877e-136 3.457055049496309296e+35 6.483685974734672008e-01 2.036120414007040226e-03 2.184256242978357410e-01 7.032026246780292142e-05
1.830687936010015278e-203 3.696787893665478735e+35 7.098138496198853620e-01 -3.762270298075373262e-03 1.240367734016064039e-01 5.632926859262245653e-05
3.651289960439374917e-13 3.732213591572520252e+35 8.012369822035737554e-01 -8.901502365681733964e-04 1.694461548588949706e-01 3.553949382517478263e-05
1.396718034865424291e-35 3.569656647119188274e+35 6.025081654531772024e-01 8.101357541007528926e-04 2.888259721018443527e-01 1.948357678614469056e-05
2.356638204299515365e-208 3.730857326163118797e+35 7.284642985136752236e-01 -1.748586838231768175e-03 1.058886347214349211e-01 6.806979534061873775e-05
3.909764717681139956e+01 3.120826618662823375e+35 9.449294513151944575e-01 2.239234713710781333e-04 2.392239968959155583e-01 5.489878289806446077e-05
0.000000000000000000e+00 2.785856985830774448e+35 8.736736991811023811e-01 1.354316659403074618e-03 9.141954763855555943e-02 5.785444176070199916e-05
6.575006392139304268e-02 2.536874724404037878e+35 9.498847146380344775e-01 1.622201844129017752e-03 4.083731653764609559e-01 5.700957407403490053e-05
9.632593603997835489e-09 2.809340304258061222e+35 9.101229284712797352e-01 -1.119764414795041720e-03 3.214428254234076854e-01 8.654784246072300558e-05
3.227355524829353977e-61 3.204921077511797317e+35 9.131917592187149824e-01 6.166028994037175753e-04 1.593051349038033804e-01 6.273763368195725500e-05
0.000000000000000000e+00 2.736926754023302515e+35 6.804081260853003243e-01 -1.550279618911909029e-03 3.576095761814326868e-02 4.648826413398046806e-05
2.560603902652525976e-277 2.984183609736530232e+35 9.575313001487368858e-01 1.721995403821368741e-03 8.083874220595907434e-02 3.626805970498995412e-05
2.054828146555904763e-23 2.992273700136638954e+35 8.955605504316054288e-01 -2.548548717679139080e-03 2.562430478397744182e-01 4.315837303440227311e-06
4.329704204576856677e-287 2.928568626098212379e+35 7.611878736578232552e-01 -7.045005907176007508e-05 2.003266068133362221e-01 1.032396345884878830e-04
1.892446876534895380e-22 3.133537985155244103e+35 9.492116155843226544e-01 7.478413295760650724e-04 3.361571759060018039e-01 1.040521863086074839e-04
1.451335850389150732e-110 2.849656746317815174e+35 1.001847926131520516e+00 2.155692650486630123e-03 1.571073925806810156e-01 6.662478549252535758e-05
0.000000000000000000e+00 2.783717337149692862e+35 7.897484131426372178e-01 -2.853780555426611593e-03 3.616161088460378981e-02 6.688929515683011843e-05
1.075693943238686547e-42 3.103033762973358579e+35 9.369215045405328013e-01 2.418708046188090561e-03 3.794502326534500702e-01 4.212811649800286828e-05
1.806047072677468071e-02 3.165236131626351532e+35 9.417344975853840783e-01 5.095792190210281149e-04 2.253303795778861252e-01 5.908915358116811748e-05
2.599684983692488523e-06 3.161437078112544014e+35 9.264928592590990775e-01 -2.983382765185291566e-03 2.267398819042097391e-01 3.787190200218932049e-05
7.302314807333873652e-04 3.062297275722064034e+35 8.794012019938935998e-01 -1.839750960185253161e-03 3.659334489951787672e-01 7.248207266740880794e-05
0.000000000000000000e+00 3.019378342061734983e+35 6.356552560473165414e-01 2.501913947984048823e-04 8.207055454709907827e-02 6.359894241740070612e-05
1.659208721702161086e-72 3.462012988662656676e+35 7.570349500906110585e-01 -4.249549576376308695e-03 1.927905212483981279e-01 5.957568219767738838e-05
1.068779375064120133e-107 3.159554070765886724e+35 9.380003637523666171e-01 -2.706890041562392407e-03 4.291874872417806852e-01 6.562122916748827715e-05
8.874100923981631261e-12 3.604727777630095986e+35 1.016505990410836446e+00 -1.109448978138141955e-03 1.165364180493182189e-01 7.988369508800643374e-05
0.000000000000000000e+00 3.180761282562030040e+35 7.485346743821880144e-01 -1.888366909937155835e-03 8.686380202620810898e-02 7.259987516749117102e-05
0.000000000000000000e+00 2.639445554473155842e+35 7.177101186722233406e-01 1.438477228597754946e-03 1.066139782612404441e-01 7.178080070604649066e-05
9.208409591157309321e-60 3.221180431383950979e+35 8.831330757312439994e-01 2.007525073599492841e-03 1.721380799406418693e-01 7.670508429884763835e-05
6.772455088860470408e-15 2.932034551535992887e+35 1.163079563398757399e+00 8.289870941062347370e-04 1.494604190763748064e-01 6.949689705804885562e-05
0.000000000000000000e+00 3.105984546272276543e+35 9.902221923654352942e-01 1.812993060427621830e-03 2.601906388944444370e-02 3.474048899242021429e-05
8.034220818357947182e-45 3.228115616792693489e+35 1.179402706216573504e+00 2.908550270122217760e-03 4.741535570227620178e-02 2.699572426693089882e-05
2.252801969203450700e-128 2.569323050076410165e+35 9.014081778147327029e-01 4.036592926496802109e-04 2.840172643260012730e-01 6.357187113381232121e-05
1.863868210724452985e-254 2.989233953431597130e+35 7.483896799935867428e-01 1.085883617939029100e-03 2.049275431909846901e-01 3.906986201236494578e-05
0.000000000000000000e+00 3.506976401260248543e+35 1.058843858116196301e+00 -4.806140138021609961e-04 4.587376605572214272e-01 4.947988959144257513e-05
0.000000000000000000e+00 3.189395606490819953e+35 9.326333538832801695e-01 3.256804452638144276e-03 1.899539260119470496e-02 4.823844048346215903e-05
1.217734647400826592e-09 2.964831173873397220e+35 9.727622926143849602e-01 -3.228981090989316901e-03 2.426578392775346760e-01 3.453357059395958283e-05
1.653047067754227922e-18 2.957473175786449227e+35 9.844685447328064276e-01 9.033354619991236468e-04 3.626652945765655445e-01 5.186676616900612904e-05
5.808305124557407725e-43 2.982471875893345729e+35 9.960488756622188911e-01 5.689080787720963983e-04 1.794685481940098692e-01 4.859305886691776984e-05
0.000000000000000000e+00 3.513200844619247094e+35 1.062731815229065235e+00 2.297469744884783963e-03 3.810407453451624127e-01 7.363014773062146227e-05
0.000000000000000000e+00 2.950728998215938630e+35 9.900325197872473781e-01 -1.352581570459232205e-05 3.359901128621844979e-02 7.601710956200588511e-05
0.000000000000000000e+00 2.971149601961629066e+35 7.156293979062808841e-01 -1.116904397916219666e-03 7.732656377569119277e-02 9.899128912527816371e-06
4.541136428011653930e-278 3.266375670655350549e+35 8.232807228893377349e-01 -1.950683077081160829e-03 1.038835005956424695e-01 3.816844072413659957e-05
2.738968659986663171e-63 3.442841091892934323e+35 1.037964813726467206e+00 2.151829961694429021e-03 2.412939208806167413e-01 4.673451133680601706e-05
3.911751763742903787e+00 3.280884946775986177e+35 8.906099372085020116e-01 -2.425091593152757692e-03 2.864443517286700547e-01 8.225216678608103776e-05
1.548908693642034209e-41 3.354190853650376812e+35 4.992335965105511586e-01 -4.215887794597601018e-03 4.032454239952737440e-01 7.168817045649988960e-05
1.984087068234414590e-14 3.134903342003336742e+35 1.014991613524615310e+00 -1.054507881887607528e-03 2.797256871611191742e-01 1.031747409434411898e-04
1.623339645863385021e-34 3.431383186591381453e+35 6.559277805542911288e-01 -1.291292308079457435e-03 2.868048327124911312e-01 9.682198043549524163e-05
2.425246756387848834e-146 3.436755865106511693e+35 8.120396935671020389e-01 -5.748237628581486999e-03 4.553745863401734706e-01 1.209788687283967204e-04
3.292508731999209094e-77 3.150012847656389675e+35 7.847824130300367074e-01 -1.963909140131279638e-03 2.343179304557579112e-01 8.409332799800231680e-05
2.455003574133449707e-05 3.251989974456178500e+35 8.550104484855582943e-01 -1.553956723226451817e-03 2.466762552311413392e-01 1.072777839104279676e-04
3.755247055444624988e-04 3.035163323011973775e+35 9.301065869640409156e-01 -2.390630937022463452e-04 3.404181820192127006e-01 6.270177194258442057e-05
0.000000000000000000e+00 3.444151039594409334e+35 6.245375734618061614e-01 -1.026450494310803159e-03 1.496350599110367330e-01 4.747735428577171959e-05
9.331406774850827614e-151 3.369061369371844578e+35 5.517119350713397541e-01 -2.737953724355098473e-03 2.931868130512513271e-01 6.917922073651063615e-05
1.702011056728864053e-198 3.671563966724043248e+35 8.919104161439027623e-01 -3.168497642195256328e-03 3.745893123870114305e-01 6.698422793281938231e-05
0.000000000000000000e+00 3.010928479164051032e+35 7.630725883116602493e-01 -3.644502167622540832e-03 1.379475619630124716e-01 6.880174177398073413e-05
2.009137147977660183e-23 3.017208663872246712e+35 8.315933709277005814e-01 -3.422717761791230391e-04 2.859958192969526136e-01 1.193582854080372423e-04
7.249855979899420005e-15 3.142411489720893206e+35 7.938489317887036378e-01 -4.276493309759597447e-03 2.925846528358950760e-01 1.001931436326156425e-04
5.414790391257922801e-250 3.107492722690258643e+35 6.798233687980258511e-01 -3.473672810722994511e-03 2.265585471306695853e-01 1.012450607082079754e-04
1.623712388763386808e-08 3.066120020068092185e+35 9.147276563017263662e-01 -1.891443224958108595e-03 3.530803179620702337e-01 1.080149886195769764e-04
3.649084178412778067e-307 3.213455924616564686e+35 5.470804936495465842e-01 -2.386736786143771587e-03 2.683241873184080140e-01 6.652822568474289094e-05
1.666574995098722431e-25 3.510646553473547489e+35 7.385034984255299806e-01 -2.869426791425428239e-03 2.315666102955494798e-01 9.129473350726906755e-05
3.556293235547828010e-182 3.680385369331843567e+35 8.714339243888702402e-01 -2.673389478979108520e-03 3.751924304856904535e-01 9.441274472176055404e-05
3.178986886905001141e-276 2.756309560384997538e+35 9.786144621385894915e-01 -7.260888908746695146e-03 1.261830394455998872e-01 1.112341194305957969e-04
5.368180146766959707e-131 3.545586357494116976e+35 8.424856105792949412e-01 -3.003010688965383843e-03 1.012447753118478344e-01 5.851281002962861679e-05
2.099834909978348286e-73 3.360662998131310157e+35 9.769922828557173755e-01 2.671454457444013414e-04 3.128037508306911740e-01 9.619329398926600172e-05
5.019231596073984886e-78 3.277510673950693797e+35 9.160905172093639637e-01 4.213725755993279025e-04 1.327020471887511988e-01 1.093624588198493022e-04
1.592099646505962633e-21 3.271101897007936196e+35 9.444937997548937814e-01 -3.206562973908884569e-03 3.007280180223952937e-01 8.028502766918780404e-05
1.075253570462000980e-124 3.119867689553387099e+35 9.763019050269652332e-01 -3.276802556703990732e-03 4.322369544407899111e-01 9.135976901958187796e-05
1.729156863028124853e-54 3.177738744550755013e+35 9.419321767480489660e-01 -1.619848530819511731e-03 3.698829628889613863e-01 4.982982364486041098e-05
3.524755152036432204e-69 3.124634181303577254e+35 6.981675878556521386e-01 -2.433405524904551712e-03 2.989005053875158358e-01 7.493336800022654641e-05
2.982724680304217359e-48 3.524038761771781763e+35 8.882290738289143617e-01 1.942928491363199277e-03 3.001359103953177287e-01 9.968587383491313899e-05
0.000000000000000000e+00 3.703317926962054016e+35 6.349286326205647590e-01 -4.035270118644363087e-03 5.379480389429633358e-02 7.780094654751313374e-05
3.332306988174273590e-16 3.277380957378941880e+35 7.915907773941365244e-01 -1.049474376134459409e-03 2.579855246107541911e-01 6.635859094596553275e-05
1.485859475726487031e-03 3.297300125639635934e+35 9.652685740837707584e-01 -2.234658594165407457e-03 2.388294997966224353e-01 7.417669348432214828e-05
1.490011516236704922e-227 3.519731357985418627e+35 9.094126849081873853e-01 -6.622323542553290761e-04 4.182435023313917366e-01 6.442878992059892975e-05
1.339706719172157356e+01 3.219310017359978423e+35 8.257475780165102197e-01 -3.544338661434998095e-03 3.410345191564019829e-01 9.635327788175013924e-05
4.857775460267354874e-100 2.947541355325885478e+35 7.899643180881437132e-01 3.654143694661717359e-04 2.626552366288589235e-01 1.219420314435702739e-04
3.114725243817262955e-100 3.316078360276822294e+35 9.173384372401632847e-01 2.358137982517265197e-04 3.845743714522634749e-01 1.350751096403658409e-04
2.096546390499459031e-269 3.662443573538684449e+35 8.933499005507847812e-01 -3.396311569554147716e-03 4.136194013429960736e-01 1.067627476595417999e-04
4.627899475401866626e-09 3.352967082244037060e+35 7.263921605212539934e-01 -4.199300870189586615e-04 3.866132445262698281e-01 7.175688131254782433e-05
8.073439235163960837e-02 2.809401117281237194e+35 8.479207381891059603e-01 -4.865566563773763772e-03 3.868381604729110856e-01 1.126483783354979363e-04
1.853275727544373473e-36 2.766251149993674059e+35 9.959582653460707924e-01 -5.027164728711819817e-03 2.490928517705237599e-01 1.300118592523737333e-04
1.464684533378128429e-245 2.875412402508086959e+35 7.667096611065585821e-01 -2.188965328092752800e-03 2.263668640555036859e-01 1.243606939027013664e-04
1.038593730923180865e-45 3.105568879501724277e+35 6.418751735979544293e-01 -1.774994180788941334e-03 3.601368332485641588e-01 9.719682830360817970e-05
3.415887829060058056e-01 3.641191045204768325e+35 5.543561114687440838e-01 -3.743307158916517503e-03 3.865231940838340652e-01 4.125116774229687483e-05
9.063878931440046915e-15 3.277342668438796305e+35 6.984912813450083746e-01 -3.667844930829433463e-03 3.211778710718274366e-01 1.043558293005896522e-04
1.078670377333142694e-01 3.316254149553686290e+35 6.285627550931939256e-01 -3.201523365269015944e-03 3.932192022916414786e-01 8.436438323100010981e-05
0.000000000000000000e+00 3.029194581428413334e+35 2.594147637942852413e-01 -2.216813900913609109e-03 3.599740373287262374e-01 1.012425671078715991e-04
