0.000000000000000000e+00 3.400000000000000115e+35 7.500000000000000000e-01 -2.500000000000000052e-03 2.000000000000000111e-01 5.000000000000000240e-05
0.000000000000000000e+00 3.491982576627052704e+35 9.353926927405169511e-01 -6.777605703653065417e-03 3.002912652323327936e-01 3.025797805412060821e-05
0.000000000000000000e+00 3.810448414182737866e+35 1.299865945022539826e+00 -2.424670147300616013e-03 1.642017118856533286e-01 3.856738879194319822e-05
0.000000000000000000e+00 3.838204508144340715e+35 7.190532596739924731e-01 -3.194464281838858832e-03 2.276333066953147577e-01 6.594412358033956937e-05
0.000000000000000000e+00 3.392222992256646297e+35 7.084923673582979031e-01 -1.399878829818913470e-03 5.646263907820578409e-02 4.236254491603563257e-05
0.000000000000000000e+00 3.726464587894268228e+35 8.703042755666706709e-01 -4.594582791342902497e-03 1.260781672347985327e-01 6.918251094436169270e-05
0.000000000000000000e+00 3.254295339672964963e+35 8.216880197517586470e-01 -2.428688931490923918e-03 1.039142658415872916e-01 5.007480507806977727e-05
0.000000000000000000e+00 3.631509611382725381e+35 9.130191644954421815e-01 -7.172562792876343088e-03 2.631441042452943302e-01 2.671347368430581612e-05
0.000000000000000000e+00 3.089398132080372468e+35 8.009195271843542185e-01 -4.959892236208846353e-03 1.786054271414186378e-01 5.011769208689990294e-05
0.000000000000000000e+00 3.425464508552798022e+35 1.082336167731231757e+00 -2.085029335500082973e-03 2.057426849347457343e-01 1.502704623695880475e-05
1.193722287763108412e-296 3.260930438324503387e+35 9.062772788412862823e-01 -3.973600445636877969e-03 1.709035859405028945e-01 8.920706344845192475e-05
4.343034597522417625e-190 3.794986707545584521e+35 3.413103641994718052e-01 -4.278134414110244636e-03 3.557248556938836792e-01 4.764933067728717875e-05
0.000000000000000000e+00 3.298004976153750004e+35 1.009600469921983157e+00 -8.269781434032583665e-04 1.858865234618430617e-01 5.399818753318313567e-05
0.000000000000000000e+00 3.299122393622760100e+35 7.209932928958668885e-01 -9.071492419418490400e-04 1.509577454655275097e-01 2.569313315667654820e-05
0.000000000000000000e+00 3.400806551355720896e+35 7.500228856289635759e-01 -1.359219278286969909e-03 3.015913539160444135e-01 3.468951441975454158e-05
0.000000000000000000e+00 3.359415048031735080e+35 9.398115253967231908e-01 -2.556213430255170355e-03 2.570838767442191197e-01 1.761250809542158499e-05
0.000000000000000000e+00 3.349747225236166073e+35 1.402098849199368891e+00 -2.175037696342329175e-03 1.860284678566289374e-01 5.834257581988141898e-05
0.000000000000000000e+00 3.514123817568684694e+35 1.643504837217606429e+00 -5.011296561010544597e-04 6.985459761959444958e-02 5.905930760283125943e-05
0.000000000000000000e+00 3.626249491375029447e+35 2.307487400068153338e-01 -1.618830687781192598e-03 2.509230598199087003e-01 5.186770100287390912e-05
0.000000000000000000e+00 2.714576651381233167e+35 1.666815865163429722e+00 -1.061243193441094865e-03 2.734424852442819409e-01 3.332464172783320734e-05
nan 3.514695431871645230e+35 -2.626082375655323098e-01 -1.456057796955021475e-03 2.208547331553275817e-01 5.458473516578135122e-05
0.000000000000000000e+00 2.987234866173281404e+35 6.332220402584759489e-01 -9.526829344546096628e-04 1.942018721269137271e-01 8.450584931975431478e-05
0.000000000000000000e+00 3.763410668760397423e+35 1.038529712657755066e+00 4.913705250295156111e-04 2.781779954241941910e-02 5.501243718699193861e-05
0.000000000000000000e+00 3.368583949170783949e+35 4.685733572586939233e-01 -2.387216905531020124e-03 1.519961708196858885e-01 7.492411901476047926e-05
0.000000000000000000e+00 3.444401227559169224e+35 1.056503658251225053e+00 -2.457872297973322066e-03 9.004030179059135941e-02 4.523748263945696533e-05
2.909228486042835221e-125 3.158156556754375685e+35 7.824362403125288967e-01 -2.420085441340699001e-03 2.985516421718909519e-01 3.182914650003029712e-05
0.000000000000000000e+00 3.468207925421141911e+35 1.111281647409199547e+00 -1.609740941591670865e-03 1.806956557640043426e-01 4.401183267211818915e-05
6.467071062221294957e+69 3.283259811345541193e+35 7.414408604934947800e-01 -4.978751986419007250e-04 2.342633951485418864e-01 5.555044058689451143e-05
0.000000000000000000e+00 3.171238223858197714e+35 6.630331729933879314e-01 -3.343341516820800673e-03 1.758385179669322840e-01 5.435551432560728122e-05
1.298619666337859677e+116 3.388803955251339096e+35 6.333256550853457734e-01 -2.894234004106260340e-03 3.056576574686366010e-01 5.264174547160484907e-05
0.000000000000000000e+00 3.583662706621383033e+35 7.644308376176836006e-01 -2.613716237526651862e-03 3.016950582575096407e-01 5.215773298708290407e-05
0.000000000000000000e+00 3.536068785307280980e+35 9.285687526741893683e-01 2.924752154456261230e-04 1.971120845260694310e-01 3.288821003938145721e-05
0.000000000000000000e+00 3.509879340059536071e+35 1.816243449766937967e+00 -3.972467302371528348e-03 7.075828913720227931e-02 2.204215964551829829e-05
0.000000000000000000e+00 3.331426235706646962e+35 9.080736653272541981e-01 -4.745598798566839568e-03 2.436906828563424332e-01 3.619079574289582883e-05
2.381314393459253316e-301 3.300552903468525915e+35 8.084051691761784397e-01 1.483703379128078169e-03 2.225784114718768469e-01 5.664759990140194585e-05
0.000000000000000000e+00 3.343056829222654505e+35 4.074962601854630329e-01 -1.324552790812600625e-03 5.781151904874026748e-02 5.717728852102098346e-05
0.000000000000000000e+00 3.286583173055772569e+35 3.890676992482755558e-02 -2.511241213320550454e-03 3.297581737150977466e-01 4.165357840682322650e-05
0.000000000000000000e+00 3.709599109239414791e+35 1.099103713263189119e+00 -4.062454641335391109e-03 3.754405581688964322e-01 4.012014234971659750e-05
0.000000000000000000e+00 2.833807163460070302e+35 1.870961520699893632e-01 -3.813149830688518892e-03 3.665367804209994640e-01 6.061496307385940308e-05
0.000000000000000000e+00 3.610524947185483898e+35 -1.510326100101636593e-01 -2.652383886214414264e-03 2.448981100284207124e-01 6.885414197379340052e-05
0.000000000000000000e+00 3.575763232442488683e+35 8.580654700911474198e-01 -4.185711170060449175e-03 2.803464844359442876e-01 5.649414734720943735e-05
0.000000000000000000e+00 3.306713674263394714e+35 1.115466770941587527e+00 -3.543486480629291779e-03 5.317668648293046862e-01 4.561856466281013079e-05
0.000000000000000000e+00 3.547264890829274567e+35 1.043875346198309462e+00 -8.153478664676885174e-05 3.419210785494493643e-01 5.228678309989750968e-05
0.000000000000000000e+00 3.745841200807866937e+35 7.237183408137355389e-01 -2.807056882932656722e-03 4.391755153731160544e-01 5.168163115702901366e-05
0.000000000000000000e+00 3.657547309377254193e+35 5.191710172948107438e-01 -1.565911808796586905e-03 1.632241960490314892e-01 4.996340023613887748e-05
0.000000000000000000e+00 3.737093653702889336e+35 5.446177968773863176e-01 -3.091090905224912287e-03 3.597727597182116543e-01 8.951243527352808343e-05
0.000000000000000000e+00 3.302731487841845440e+35 -3.364008687171737844e-02 -4.743225083596242127e-03 3.864925392977072716e-01 2.734138779161719558e-05
0.000000000000000000e+00 3.419709213750324062e+35 6.796596091546395213e-01 -3.262494256222128481e-03 1.510242554818190530e-01 1.946239224853031890e-05
0.000000000000000000e+00 3.146307589929065106e+35 7.831815844873468713e-01 -3.740284144439728377e-03 3.306352901024643409e-01 3.805876518075067115e-05
0.000000000000000000e+00 3.557738493091282044e+35 1.134687402931948697e+00 4.684604557366853390e-04 3.710849501159870778e-01 8.954191872153645761e-05
0.000000000000000000e+00 3.604969213749372439e+35 9.497579557335418254e-01 -5.094500329866829234e-03 -6.259739535447006453e-03 6.789351129019008586e-05
0.000000000000000000e+00 3.082972127676330981e+35 4.397150472880562155e-02 -4.595124945283036652e-03 4.013095562636144753e-01 2.115235122687197808e-05
0.000000000000000000e+00 3.187442564401310664e+35 2.013314675245662766e+00 -3.544009142952999139e-03 3.820609277702952111e-01 5.480732888137200461e-05
0.000000000000000000e+00 3.821479004796718484e+35 8.793293925703159486e-01 -3.434980541825532162e-03 2.771001562534740059e-01 4.544167297655908328e-05
3.164564256734220706e+66 3.236115312338459018e+35 5.993619940779455479e-01 -3.635475024452626547e-03 3.584634840056479810e-01 2.250592745158338940e-05
0.000000000000000000e+00 3.335862679410348089e+35 9.034182312595646636e-01 -1.245823147135522151e-03 4.471375674873408479e-01 2.179387133784369091e-05
0.000000000000000000e+00 3.111208818308622908e+35 8.297644381643842770e-02 -3.639132675975718760e-03 4.533709819492410809e-01 5.588410701262544109e-05
0.000000000000000000e+00 3.240883034670485900e+35 1.131587697284850424e-01 -6.868269542038249117e-03 3.813008601758551275e-01 2.620882056336500837e-05
0.000000000000000000e+00 3.284118735514470628e+35 1.542493302907155250e+00 -7.351650221927385695e-03 3.966930011855558380e-01 7.213626360446590761e-05
0.000000000000000000e+00 3.006959384218317805e+35 -3.134348850556430977e-01 -3.299933857822359706e-03 4.136672104543126505e-01 -2.945562199915629066e-05
0.000000000000000000e+00 3.485321051103176332e+35 8.364924459704301540e-01 -8.716796770144225916e-04 2.797092823411765350e-01 3.475425250346792942e-05
0.000000000000000000e+00 2.957149105914083150e+35 -1.652726200237691900e-01 -5.180187980127134995e-03 5.256263278808674944e-01 3.769669149092910504e-05
0.000000000000000000e+00 2.688015864447276517e+35 4.016192237577624335e-01 -5.458525506914583755e-03 3.040361689992409078e-01 1.660773928169956358e-05
0.000000000000000000e+00 3.589513432565113984e+35 1.044156853659484518e+00 -3.920111136708405442e-03 4.934992270341703735e-01 2.563877431576655567e-05
0.000000000000000000e+00 3.243053678810590927e+35 2.383095386431526297e-01 -4.342701654811135896e-03 3.738547898453071783e-01 1.502172045855517757e-05
2.819332038076973746e-68 3.398983873490910382e+35 4.282893678401573645e-01 -1.374852596902323334e-03 3.954559527293777244e-01 -4.667757435892040343e-06
0.000000000000000000e+00 3.687508336185334217e+35 7.326272295623996733e-01 -1.286879150544904555e-03 4.326676230206257245e-01 6.942669781747536225e-06
0.000000000000000000e+00 3.321113755306708006e+35 9.622767762848227768e-02 -2.409667422725705454e-03 3.060466462583290026e-01 2.766541163004653631e-06
0.000000000000000000e+00 3.540265344864691045e+35 1.239118411376460394e+00 7.820738504866683871e-05 3.417121641014287392e-01 3.980392129077802614e-05
0.000000000000000000e+00 3.346216799480572251e+35 5.501275146061436194e-01 -1.374576789211185302e-03 8.944026527795490011e-02 -4.676846444082438512e-06
0.000000000000000000e+00 3.353620879628956686e+35 8.568411887815660100e-01 8.935924355011302944e-04 5.455198522563973196e-01 1.272281357678928106e-05
0.000000000000000000e+00 2.892373623147896240e+35 1.268654210201048738e+00 -3.236531241810728515e-03 4.100606808450427132e-01 4.642856707698008324e-05
4.802471069976931761e+47 3.185128177885268936e+35 5.051070799855532645e-01 -5.105938065894922301e-03 4.210670712419646855e-01 2.203381290324929933e-05
0.000000000000000000e+00 3.281756570920497504e+35 3.166896247188346059e-01 -4.272279768109895487e-03 4.533499598355427707e-01 4.055561057337504272e-05
0.000000000000000000e+00 3.164418103161987560e+35 2.657807940186331930e-01 -4.846028816960562188e-03 3.794147568638344126e-01 3.378018803026323300e-05
0.000000000000000000e+00 3.105932977578298531e+35 8.703170491769830486e-01 -3.073931471839411959e-03 4.000962559706655597e-01 2.851864600104535470e-05
0.000000000000000000e+00 2.825022457920972944e+35 4.053176463277168851e-01 -4.893507930543409754e-03 3.525806869893755024e-01 6.077597902393451317e-05
nan 3.232846478996389522e+35 -4.676507917430944294e-01 -5.367082298549837212e-03 3.007045640002583564e-01 3.495263264752715275e-05
8.096020092782858216e-39 3.141190868261762443e+35 4.236705632703064994e-01 -3.803080895547946046e-03 4.719836698209034509e-01 3.265367620776647186e-05
0.000000000000000000e+00 3.086667308181823985e+35 4.576343588527929662e-01 -6.643044937722809851e-03 2.891036148505943260e-01 1.626435835337718344e-05
0.000000000000000000e+00 3.245688153640869491e+35 5.244816286679522266e-01 -6.510318306354560824e-03 4.856524661375242191e-01 -5.310774336638712090e-06
0.000000000000000000e+00 3.205701315461789535e+35 3.515091930566338618e-01 -6.388782798758433495e-03 3.933039627472590394e-01 5.151224278045088509e-05
0.000000000000000000e+00 3.587605432929450408e+35 5.975545400976134403e-01 -6.613981273127860286e-03 3.658572973184549548e-01 -1.460992418216241722e-05
0.000000000000000000e+00 3.079100470390441045e+35 5.105719086395082984e-01 -5.715631199619369308e-03 2.975686830628687107e-01 3.381512468764433829e-05
0.000000000000000000e+00 3.351036202419264906e+35 8.604199762450716049e-01 -5.074666251278471367e-03 4.247739524828346158e-01 3.175123314150180606e-05
0.000000000000000000e+00 3.508940865854182084e+35 7.474491855705516219e-01 -5.160718670422849950e-03 3.526694598151826066e-01 8.756469214971735956e-08
0.000000000000000000e+00 2.967646941498976310e+35 8.364836844520202597e-01 -7.863007268967681443e-03 3.482299315663153205e-01 4.169719863731250132e-06
0.000000000000000000e+00 3.171513099804441941e+35 1.001355190488200542e+00 -2.587502140189104020e-03 3.745329896828057947e-01 1.509676422785978330e-05
0.000000000000000000e+00 2.724832087208105999e+35 4.855882886622333028e-01 -7.563265172855535012e-03 4.823605956335795808e-01 3.057499116577657881e-05
0.000000000000000000e+00 3.450067534239242711e+35 8.674046403895461221e-01 -4.806495727473991675e-03 3.650895881325292303e-01 1.527938790967629129e-05
0.000000000000000000e+00 3.254015991543597837e+35 -8.133054453372534631e-02 -2.621243148367575701e-03 6.232104542050065366e-01 4.177792334818592525e-05
0.000000000000000000e+00 3.176849798708904760e+35 5.149399616092478205e-01 -4.314334347141262314e-03 3.178336988579431588e-01 7.471847338341898668e-06
0.000000000000000000e+00 3.336277092490789327e+35 6.152225014203396292e-01 -3.730857857737871798e-03 5.489200510070801897e-01 2.275415902622894199e-05
0.000000000000000000e+00 3.113729918905895641e+35 1.224879969393071200e+00 -1.027725089827126112e-02 4.517610873719822839e-01 2.515096868446693428e-05
0.000000000000000000e+00 3.406510039900271544e+35 4.570848749577876569e-01 -3.999666288209236670e-03 4.958657480264416773e-01 1.806438057246872647e-05
0.000000000000000000e+00 2.870475223208613487e+35 4.883659096370202013e-02 -1.468516945994515367e-03 4.227424388502020181e-01 1.588902027588720074e-05
0.000000000000000000e+00 3.250273445329047939e+35 5.956220404267789093e-01 -4.998400133094069685e-03 4.721777427050860010e-01 2.458425002816955548e-05
1.004184045347596353e-62 3.206740957145369606e+35 4.853465771279040775e-01 -3.623028913820318386e-03 4.088522842545964653e-01 2.877548423041714488e-05
0.000000000000000000e+00 3.064834480118636463e+35 -3.321735727548950079e-01 -9.468772971268149541e-04 5.501598379656417181e-01 3.677715580761246867e-05
0.000000000000000000e+00 2.767910273672665626e+35 1.054393396264224347e-01 -5.898848497369631530e-03 4.405798644110722195e-01 2.776841388421241039e-05
