0.000000000000000000e+00 3.500000000000000075e+35 7.500000000000000000e-01 -2.500000000000000052e-03 2.000000000000000111e-01 5.000000000000000240e-05 -9.000000000000000222e-01
3.648254447414698617e-20 3.578216444421794841e+35 7.370048002719072899e-01 -6.332944070376230958e-03 2.004571166143568894e-01 4.669425892803729273e-05 -9.230778883999539719e-01
0.000000000000000000e+00 3.441441617538804963e+35 7.279432952771877074e-01 -6.428371080932802559e-03 3.043550022172830660e-01 6.376431174783918083e-05 -8.481315531036273114e-01
5.776061397541659419e-69 3.471727069501952920e+35 7.545851707391580954e-01 -3.655117837197023774e-03 1.610068377137237883e-01 3.130052055484798778e-05 -9.513242174741144419e-01
0.000000000000000000e+00 3.716194596548450971e+35 7.292411709728721103e-01 -2.168786762896419886e-03 3.147064190478946477e-01 2.150605946258592777e-05 -9.299588328704598839e-01
1.364667038590515646e-154 3.558996141137176391e+35 7.945012881829812690e-01 -3.098448403869428526e-03 1.681934432579549055e-01 7.243908874101533850e-05 -9.280430918133505402e-01
0.000000000000000000e+00 3.341812727881481410e+35 7.284976153679961763e-01 -2.410839482494623806e-03 7.824189685727910015e-02 5.479879638871983528e-05 -9.357179086176464766e-01
0.000000000000000000e+00 3.414774284975441595e+35 7.117345391950643529e-01 -1.268785220716973916e-03 1.287303363236801945e-01 4.342712219324568445e-05 -9.075883618317905910e-01
0.000000000000000000e+00 3.586838719728794915e+35 7.964310574568324030e-01 -2.563830342947021924e-03 1.914676263364296915e-01 2.760900094088964535e-05 -9.159075390908091308e-01
5.138384890434318923e-54 3.686096370952457996e+35 6.512552948862849744e-01 -2.343661679647070315e-03 2.541380974873946319e-01 3.347003599280047224e-05 -8.860487403502532722e-01
