0.000000000000000000e+00 3.400000000000000115e+35 7.500000000000000000e-01 -2.500000000000000052e-03 2.000000000000000111e-01 5.000000000000000240e-05
0.000000000000000000e+00 3.422576637785641207e+35 7.936701248226829541e-01 -3.768294318742015578e-03 2.412137436397481793e-01 6.711725263918074931e-05
0.000000000000000000e+00 3.257026152271451972e+35 1.129090132184882300e+00 -9.390596953851692696e-04 1.206606525966415350e-01 4.933695497152877201e-05
0.000000000000000000e+00 3.632061841981506260e+35 -1.104948100844388437e-01 -4.061437269139288320e-03 1.544897571374858891e-01 6.692475844164848622e-05
0.000000000000000000e+00 3.329805656604674455e+35 1.366326498988918559e+00 -1.484692791502213510e-03 2.478878204174563005e-01 4.076760935218117187e-05
0.000000000000000000e+00 3.158818145259569342e+35 1.271854971653729738e+00 -4.271807793827825384e-03 2.411318954433075146e-01 9.424287254828224002e-06
0.000000000000000000e+00 3.535076753543901000e+35 6.155419885380867262e-01 -5.008770166992175359e-03 1.743392939458868751e-01 5.489536653912981996e-05
2.078091983875314432e-244 3.226329193713420149e+35 9.127719173967063782e-01 -6.405075781764830480e-04 1.438455724228641652e-01 4.946805798539528177e-05
0.000000000000000000e+00 3.624650799230692526e+35 1.283750019247270169e+00 -1.472196376215755649e-03 1.412058956525082676e-01 8.651546644456849732e-05
0.000000000000000000e+00 3.329399447534871942e+35 6.434371733265182858e-01 -5.027861008776392596e-03 5.023982944986007948e-02 4.303172702708432966e-05
0.000000000000000000e+00 3.116749281694374252e+35 1.388741140987031830e+00 5.211226601012390255e-04 2.662479549653111732e-01 3.078351075308460806e-05
0.000000000000000000e+00 3.878835345488418594e+35 1.093932311031637461e+00 -1.912244057577986225e-03 1.427281994031959211e-02 4.425616990036393064e-05
0.000000000000000000e+00 4.005538002110309681e+35 1.160100145249578940e+00 -5.554342913760609152e-04 1.168101602879722672e-01 2.644770533982397168e-05
0.000000000000000000e+00 3.497439006812998208e+35 9.761453457182402982e-01 -8.273255896513302156e-04 2.164462302862975862e-01 6.517207179962638988e-05
0.000000000000000000e+00 3.599926399023575255e+35 9.016657071824993874e-01 -7.627084340217223871e-04 2.672502542264466596e-01 5.169270480464398796e-05
0.000000000000000000e+00 3.263948898313168051e+35 5.104728232407562682e-01 -1.872713585295404616e-03 2.509261104577814039e-01 3.902242998302662155e-05
0.000000000000000000e+00 3.117745236793951436e+35 1.555067225169960210e+00 5.550507066769965088e-04 1.376049263404793277e-01 3.128633094945546076e-05
0.000000000000000000e+00 3.200064234479139399e+35 8.059455071625000189e-01 -2.866239280865700949e-03 1.604731034176050397e-01 2.393261887769518531e-05
0.000000000000000000e+00 3.490927083299158916e+35 1.876911225657990068e-01 -4.675428494554941840e-03 1.569881097795770009e-01 9.826148985915357970e-06
0.000000000000000000e+00 3.062560215487851500e+35 4.661974286249748745e-01 -1.730841253575439616e-03 2.477955641365947592e-01 2.731317359045888919e-05
0.000000000000000000e+00 3.124164518296982598e+35 1.044088227369041499e+00 -2.024299140435432184e-03 3.642437439930498178e-01 8.516935787462355523e-05
0.000000000000000000e+00 3.304806542071894844e+35 1.727942664719307020e+00 -2.393620089854117151e-03 3.448246131742171983e-01 7.390688355366254619e-05
0.000000000000000000e+00 3.211161682995662514e+35 1.193456322799592906e+00 -2.358824519466379884e-03 1.889787999766229243e-01 3.829096573668394187e-05
0.000000000000000000e+00 3.202259534099052882e+35 3.898130570356707625e-01 -3.676225199318868247e-03 9.430487240763550660e-02 4.407380555270694680e-05
0.000000000000000000e+00 3.410574986331217497e+35 1.178066103182653590e+00 -2.102466343878267759e-03 1.194011953198145792e-01 3.829215269240807996e-05
0.000000000000000000e+00 3.330373694075230837e+35 1.047794635893485315e+00 9.034699158035454716e-04 2.244171493601040956e-01 4.781854514681031126e-05
0.000000000000000000e+00 3.014412090225021210e+35 7.238780955835578679e-01 9.412825041309842364e-05 9.599005311567135323e-02 5.655892751346347697e-05
0.000000000000000000e+00 3.308241091748886370e+35 4.826624904046178943e-01 -1.930699773796615889e-03 1.536655059941019197e-01 7.848870209654112734e-05
0.000000000000000000e+00 3.160644219520033591e+35 5.942794723530350209e-01 -5.567273251117887088e-03 1.252729164378216242e-01 6.007090806307003564e-05
0.000000000000000000e+00 3.822445990242430102e+35 8.251918285619543880e-01 -2.722548428899843140e-03 3.185636361972907227e-01 6.036307353281449917e-05
0.000000000000000000e+00 3.408984745059709022e+35 7.703931002441752884e-01 -2.709290596586269150e-03 1.009632282985033214e-01 4.380952819581239893e-05
0.000000000000000000e+00 3.565413219335326025e+35 1.214823246612854790e+00 -2.571904475016866844e-03 1.464024438941702866e-01 7.380130609382213030e-05
3.706402747950015941e+53 3.428314499419693571e+35 6.291638847864964301e-01 -3.731324333004627184e-03 2.516667782956364396e-01 1.910426271890234998e-05
0.000000000000000000e+00 3.379418997621540544e+35 5.455566351099544464e-01 -3.877647347493600426e-03 2.313686856754929577e-01 1.391915305677869225e-05
0.000000000000000000e+00 3.530114003040534399e+35 4.872936753490621498e-01 -3.588727802064259082e-03 -2.102798043013237583e-02 1.575297580328060697e-05
0.000000000000000000e+00 3.558679575303543007e+35 1.124435735860846997e+00 -2.883596053646986582e-03 3.055807442163021026e-01 2.816304994656957978e-05
0.000000000000000000e+00 3.830460464182429677e+35 2.307416477285994527e-01 -5.557277990668324508e-04 3.863616356923829098e-01 3.371358324638701933e-05
1.174008958256727183e+92 3.259889497668648089e+35 4.416352810377441873e-01 -3.569276952545500509e-03 5.088637658834707089e-01 -1.358111769369101286e-05
0.000000000000000000e+00 3.566312262237551378e+35 1.152574143317373512e+00 -1.824923423310926022e-03 4.897088948985166001e-01 -2.726393171363292856e-05
2.828766080904901694e-115 3.172188039016125345e+35 6.863266336417178648e-01 -3.848096053987576197e-03 3.561714304598750935e-01 -1.863903379129019607e-05
0.000000000000000000e+00 2.931145197975646566e+35 -4.152068429746643696e-01 -3.566466121608245516e-03 4.907110361837143664e-01 -2.183201922250252347e-05
8.505404870961682673e-07 2.992851922527298462e+35 5.267302727114548944e-01 -5.586789509197711764e-03 5.225142457440339339e-01 -3.937052708451403954e-05
0.000000000000000000e+00 3.611367046440354563e+35 -1.579823187637287019e-01 -5.465787738336561757e-03 5.818524322927418613e-01 -2.894571504661933552e-05
0.000000000000000000e+00 3.300804852775748367e+35 5.265539992409937753e-01 -8.933196378981423519e-04 5.690205107185398736e-01 -2.866314910334738514e-05
0.000000000000000000e+00 3.325382452555574547e+35 3.410730262834310578e-02 -3.085936587923695032e-03 5.680240855998571758e-01 -7.629441737017052738e-06
0.000000000000000000e+00 3.327683527210369481e+35 6.968156768002264911e-01 -3.135269706699654949e-03 5.274959060253257004e-01 -2.044131007023727400e-05
0.000000000000000000e+00 3.055168390578009836e+35 -4.974818778273653042e-01 -7.036366742123711070e-03 5.243134518881173989e-01 -2.770198662657414227e-05
0.000000000000000000e+00 3.150296586633038620e+35 5.463372093540852514e-01 2.843979513347545847e-03 4.929317634372819001e-01 2.637042800267857303e-05
0.000000000000000000e+00 2.618507816634278837e+35 -2.389103351460730718e-02 -6.792493705525688361e-03 4.425393439097116688e-01 -1.862136884398625115e-05
0.000000000000000000e+00 3.066458680609454003e+35 -6.579465420531094288e-02 -3.762529220686052899e-03 4.504067927190297804e-01 -1.092085853177923002e-05
0.000000000000000000e+00 3.925182977437725941e+35 1.029199868654321337e+00 -6.742807738864733252e-03 5.167940465912188586e-01 -3.340979376324844006e-05
0.000000000000000000e+00 3.474724352598323627e+35 9.510003275605684037e-01 -7.188349535445517045e-03 5.353935432634185920e-01 -3.656230721877391229e-07
0.000000000000000000e+00 3.258390657535975945e+35 8.507486099526455625e-01 -2.536250617806044914e-03 5.075420823451121111e-01 -4.389672143871755066e-05
0.000000000000000000e+00 3.129865270516807020e+35 1.438159683432408853e+00 -3.099769235915636467e-03 5.229620738290886583e-01 -1.330119987239224251e-05
0.000000000000000000e+00 3.326722264287427742e+35 7.997128325146595218e-01 -2.225210470541773115e-03 5.576726989784930311e-01 -3.763517969898509078e-05
2.194649159336803675e+47 3.247140535868128912e+35 1.305026186405863764e-01 -5.379962921893272944e-03 6.841941060409945097e-01 -3.613095289357479091e-05
0.000000000000000000e+00 3.198652407139941861e+35 -1.200180131018069307e-01 -7.190713675961269216e-03 5.776657695572672280e-01 -4.292646812813943110e-05
0.000000000000000000e+00 3.222369234769885195e+35 8.191729325598329225e-01 -7.631480744809210348e-03 6.303622459193677363e-01 -1.066947760353205299e-05
0.000000000000000000e+00 3.207925293448450356e+35 -1.065526395439292395e-01 -8.851406458030751379e-03 7.849304093585024455e-01 -4.810247219190134411e-05
0.000000000000000000e+00 3.699304381463911068e+35 1.566739037868259410e-01 -6.064823543235730273e-03 7.069635526976086881e-01 -7.250937182166471845e-05
nan 3.006619418538824087e+35 -6.661882502364844250e-01 -2.867495236957717190e-03 6.212726916819546474e-01 -7.202049931204115418e-05
nan 3.542815450771426964e+35 -1.130483029019364372e+00 -4.010305871300296268e-03 6.216124070211287433e-01 -5.193529551018580325e-05
0.000000000000000000e+00 3.376517536201735044e+35 -2.528765888185935951e-01 -5.373237793556581016e-03 5.548378787707697324e-01 -5.032733453327310703e-05
0.000000000000000000e+00 3.471896093371407720e+35 2.874404854303121426e-01 -6.099046806428087830e-03 6.204830315297400478e-01 -7.542431090409668570e-05
0.000000000000000000e+00 2.899010821956612527e+35 -6.606785108514759419e-02 -3.381785624494308695e-03 7.165836780292857977e-01 -4.110686241382833486e-05
0.000000000000000000e+00 3.347982009922771386e+35 3.726107385765347058e-01 -1.614222246919334598e-03 7.399526344770495090e-01 -1.704552148449708818e-05
0.000000000000000000e+00 3.728879453683795508e+35 8.533893994621377654e-01 -4.141183712594935853e-03 5.772011994299770521e-01 8.753555555153925537e-06
0.000000000000000000e+00 3.406461250528303829e+35 -4.723732087819242920e-01 -7.833198252365752845e-03 7.649124638969312384e-01 -3.976719059730420241e-05
0.000000000000000000e+00 3.312990265304303538e+35 6.877339186981916708e-01 -6.293464197748736139e-03 7.182545759203203817e-01 -4.657307122414434237e-05
0.000000000000000000e+00 3.483194370089397025e+35 -2.351910451957543446e-01 -6.712153384571071385e-03 6.255218156883303182e-01 -4.632065904506029580e-05
0.000000000000000000e+00 2.727186843639163910e+35 1.456830634283298731e-01 -2.287823812246250754e-03 6.785541957973100224e-01 -4.280572997739206506e-05
0.000000000000000000e+00 3.157153481717386179e+35 1.028231014359837076e-01 -8.247078671834903382e-03 6.428713081782153616e-01 -3.660879114247326898e-05
0.000000000000000000e+00 2.987921997192081462e+35 -9.361277474804635679e-02 -6.215349519871486358e-03 5.988881147185768361e-01 -3.066336752452072592e-05
nan 3.538083100796375242e+35 -5.380713867445987564e-01 -4.402488838762293535e-03 4.913947811630937634e-01 -5.948672153449058157e-05
0.000000000000000000e+00 3.769730358865823777e+35 3.077160430211109965e-01 -1.014351081816973477e-02 7.426018546588712965e-01 -3.158071207477977540e-05
0.000000000000000000e+00 3.001187984040473151e+35 -3.878500017790064702e-01 -2.664765949689315398e-03 5.749823474806347035e-01 -4.320294651265187689e-05
0.000000000000000000e+00 3.516902180055230140e+35 -3.199400451259326039e-01 -6.226332077388254012e-03 5.967173554614506603e-01 -3.048629967996510428e-05
0.000000000000000000e+00 3.308942224319400347e+35 9.647230562255676434e-02 -4.806080428439400178e-03 8.409979627397787816e-01 -6.701624495825707145e-06
0.000000000000000000e+00 2.848054665437792567e+35 -5.539076767429289561e-01 -6.957015915298934289e-03 6.652405698831456160e-01 -4.451850991729740194e-05
0.000000000000000000e+00 3.079021105129144863e+35 5.571123627798812983e-01 -5.745223088933314529e-03 5.445653995337438324e-01 -5.764424056750138396e-05
0.000000000000000000e+00 3.647293174618988857e+35 6.610636653592092404e-01 -8.125982265523464670e-03 6.522410372203270024e-01 -3.051568036122943341e-05
0.000000000000000000e+00 3.497324134151594769e+35 4.106474606228113777e-02 -4.814688925835227187e-03 8.321700782631515914e-01 -4.900508379059988835e-05
0.000000000000000000e+00 3.179211149998197283e+35 4.401965623408555794e-01 -1.754478383538543660e-03 6.298784977738247637e-01 -6.975120641718055231e-05
0.000000000000000000e+00 2.950472368775389783e+35 -1.059315952992422039e-01 -5.671015608759634452e-03 7.364177142541062926e-01 7.940354787511857591e-06
3.460020774824793029e-189 3.617505797791690916e+35 1.594950557187916063e-01 -9.533715933464470549e-03 6.474603023277705205e-01 -4.347792820855661067e-05
0.000000000000000000e+00 3.559951407675045136e+35 5.322692580268107987e-01 -4.941335741333445844e-03 5.870765849663702740e-01 -4.743983030427074987e-05
0.000000000000000000e+00 3.593027001641619160e+35 7.543098413921744960e-01 -2.163853673012200093e-03 6.351572916233746424e-01 -2.936366042119343699e-05
0.000000000000000000e+00 3.058875419545806279e+35 -7.170687068681855236e-02 -5.070806685840481380e-03 8.222062681470710954e-01 -4.197510116044956847e-05
0.000000000000000000e+00 3.310612694256700362e+35 4.330536903349430644e-01 -5.243036095840309177e-03 6.761824328015887398e-01 -2.131820648332079614e-05
0.000000000000000000e+00 3.030388434858315132e+35 7.800469303195523008e-01 -4.462001837100900044e-03 6.241459227333594484e-01 -8.011282811854295862e-05
nan 3.169096526708561864e+35 -9.207246662817973881e-01 -6.389707221295990759e-03 8.014118338086375637e-01 -4.197170809301913069e-05
0.000000000000000000e+00 3.399801728191745023e+35 -1.782219773263863383e-01 -5.603335769387388955e-03 5.781924437316749987e-01 -5.796148046730494220e-05
0.000000000000000000e+00 2.643502477359205130e+35 -1.858965250049498530e-01 -3.806480680733484445e-03 7.074523674393938810e-01 -1.222593189775810052e-05
1.887733958420311710e-250 3.401681713473685649e+35 -7.238733333104321876e-02 -6.493876189518233560e-03 8.345502606748020913e-01 -3.186344418188273857e-05
0.000000000000000000e+00 3.187415845593148539e+35 1.668999042805214827e+00 -9.304741355922838131e-03 4.909274442751404011e-01 -2.354837391645233800e-05
0.000000000000000000e+00 3.613761015083386684e+35 8.259647331171713347e-01 -6.837558707615875274e-03 7.464335702135302952e-01 -1.864120098258521919e-05
0.000000000000000000e+00 3.360954876661797266e+35 7.465577497732305279e-01 -5.667300657122616853e-03 4.872874409774539117e-01 -2.002890032067094675e-05
0.000000000000000000e+00 3.373393518043052296e+35 7.405622881833628934e-01 -5.176161562810492091e-03 7.233225694684122242e-01 -3.825632246752001326e-05
0.000000000000000000e+00 3.475993047376394633e+35 9.589024517403803571e-01 -5.934854670919280026e-03 6.400828857027808239e-01 -3.074054749810874632e-05
2.661011846647104017e+104 2.732180930946749333e+35 4.230905240423236680e-01 -3.625719648739839963e-03 6.438896066031749577e-01 -4.505010922265077777e-05
