0.000000000000000000e+00 3.500000000000000075e+35 7.500000000000000000e-01 -2.500000000000000052e-03 2.000000000000000111e-01 5.000000000000000240e-05 -9.000000000000000222e-01
1.290169486725184880e-86 3.406175383068153777e+35 7.175592751185559948e-01 -4.042883084318677628e-04 1.682776255760576323e-01 6.106110349015232393e-05 -8.986634116039232678e-01
0.000000000000000000e+00 3.511360579347123158e+35 7.472002446836865097e-01 -1.000540864470349537e-03 2.455993929659561203e-02 6.707984659161110412e-05 -8.809323811453666497e-01
5.295599872862525222e+112 3.365199633528644745e+35 7.239729738545145343e-01 -4.914384591670652516e-03 2.068266660054747241e-01 3.969120456066520377e-05 -8.942976120912027316e-01
2.278167329653348011e-209 3.227084645186886506e+35 7.971266116723784156e-01 -5.222080634084033147e-03 1.580893226032324406e-01 8.992933439764729398e-05 -8.931495296994808042e-01
6.276911805293545767e-67 3.328089128413110365e+35 6.865744342287912749e-01 -2.425047381100164066e-03 3.013308977136462952e-01 2.346284345877472762e-05 -9.352017736901918621e-01
0.000000000000000000e+00 3.570615244656281012e+35 7.247414874956591424e-01 -9.965634834127046204e-03 3.621157414564095678e-01 4.448905808615201152e-05 -9.820811150746552309e-01
0.000000000000000000e+00 3.237445018111726204e+35 6.420639526693395771e-01 -5.165322306341191098e-03 1.673451701053125795e-01 4.319392368877183704e-05 -8.406638962246426594e-01
0.000000000000000000e+00 3.492484857025092103e+35 6.917523293026789366e-01 -1.472370899046181441e-03 1.324039612447667214e-01 1.378125322455934183e-05 -8.927174714369094932e-01
8.066715690329709860e-295 3.558596582381924227e+35 7.102866091110933144e-01 -6.575252861306155917e-03 2.547293428371141810e-01 -4.108218265221247106e-06 -9.249297243143836944e-01
